Tour: 11 5 45 16 128 62 112 105 115 28 83 30 59 90 125 85 66 78 121 126 33 21 18 8 108 114 3 117 71 39 41 1 130 50 2 118 80 46 20 35 54 4 44 42 60 51 55 122 23 47 40 93 37 22 13 96 67 14 10 102 6 91 72 120 53 49 58 106 38 92 73 99 74 75 52 65 56 57 9 82 101 111 123 119 36 84 32 113 127 107 104 43 34 17 31 27 19 100 15 24 29 116 79 95 81 12 87 103 77 94 89 110 98 25 48 68 63 70 97 26 7 88 86 69 64 124 129 61 109 76 
Reversed: 0
106 58 72 120 53 6

91 58
Tour: 11 5 45 16 128 62 112 105 115 28 83 30 59 90 125 85 66 78 121 126 33 21 18 8 108 114 3 117 71 39 41 1 130 50 2 118 80 46 20 35 54 4 44 42 60 51 55 122 23 47 40 93 37 22 13 96 67 14 10 102 6 58 49 53 120 72 91 106 38 92 73 99 74 75 52 65 56 57 9 82 101 111 123 119 36 84 32 113 127 107 104 43 34 17 31 27 19 100 15 24 29 116 79 95 81 12 87 103 77 94 89 110 98 25 48 68 63 70 97 26 7 88 86 69 64 124 129 61 109 76 
Reversed: 0
58 120
Tour: 11 5 45 16 128 62 112 105 115 28 83 30 59 90 125 85 66 78 121 126 33 21 18 8 108 114 3 117 71 39 41 1 130 50 2 118 80 46 20 35 54 4 44 42 60 51 55 122 23 47 40 93 37 22 13 96 67 14 10 102 6 120 53 49 58 72 91 106 38 92 73 99 74 75 52 65 56 57 9 82 101 111 123 119 36 84 32 113 127 107 104 43 34 17 31 27 19 100 15 24 29 116 79 95 81 12 87 103 77 94 89 110 98 25 48 68 63 70 97 26 7 88 86 69 64 124 129 61 109 76 
Reversed: 0
49 91
Tour: 11 5 45 16 128 62 112 105 115 28 83 30 59 90 125 85 66 78 121 126 33 21 18 8 108 114 3 117 71 39 41 1 130 50 2 118 80 46 20 35 54 4 44 42 60 51 55 122 23 47 40 93 37 22 13 96 67 14 10 102 6 120 53 91 72 58 49 106 38 92 73 99 74 75 52 65 56 57 9 82 101 111 123 119 36 84 32 113 127 107 104 43 34 17 31 27 19 100 15 24 29 116 79 95 81 12 87 103 77 94 89 110 98 25 48 68 63 70 97 26 7 88 86 69 64 124 129 61 109 76 
Reversed: 0
91 91
Tour: 11 5 45 16 128 62 112 105 115 28 83 30 59 90 125 85 66 78 121 126 33 21 18 8 108 114 3 117 71 39 41 1 130 50 2 118 80 46 20 35 54 4 44 42 60 51 55 122 23 47 40 93 37 22 13 96 67 14 10 102 6 120 72 91 53 58 49 106 38 92 73 99 74 75 52 65 56 57 9 82 101 111 123 119 36 84 32 113 127 107 104 43 34 17 31 27 19 100 15 24 29 116 79 95 81 12 87 103 77 94 89 110 98 25 48 68 63 70 97 26 7 88 86 69 64 124 129 61 109 76 
Reversed: 1
72 53
Tour: 11 5 45 16 128 62 112 105 115 28 83 30 59 90 125 85 66 78 121 126 33 21 18 8 108 114 3 117 71 39 41 1 130 50 2 118 80 46 20 35 54 4 44 42 60 51 55 122 23 47 40 93 37 22 13 96 67 14 10 102 6 120 72 91 53 58 49 106 38 92 73 99 74 75 52 65 56 57 9 82 101 111 123 119 36 84 32 113 127 107 104 43 34 17 31 27 19 100 15 24 29 116 79 95 81 12 87 103 77 94 89 110 98 25 48 68 63 70 97 26 7 88 86 69 64 124 129 61 109 76 
Reversed: 0
