#####################################
0 6 0 
1 14 20 1 
2 8 2 
3 11 3 
4 15 4 
5 7 5 
9 17 9 
10 19 10 
12 13 12 
16 18 16 

custo: 2420
UB: inf

#####################################
#####################################
0 3 11 0 
1 20 14 1 
2 8 2 
4 15 4 
5 6 7 5 
9 17 9 
10 19 10 
12 13 12 
16 18 16 

custo: 2421
UB: inf
(6,0)

#####################################
#####################################
0 3 10 19 20 14 1 2 8 4 15 5 7 6 11 0 
9 17 9 
12 13 12 
16 18 16 

custo: 2499
UB: inf
(6,0)
(8,2)

#####################################
#####################################
0 3 10 19 9 17 20 14 1 2 8 4 15 5 7 6 11 0 
12 13 12 
16 18 16 

custo: 2587
UB: inf
(6,0)
(8,2)
(17,9)

#####################################
#####################################
0 3 10 19 9 17 12 13 14 20 1 2 8 4 15 5 7 6 11 0 
16 18 16 

custo: 2641
UB: inf
(6,0)
(8,2)
(17,9)
(13,12)

#####################################
#####################################
0 3 10 16 18 19 9 17 12 13 14 20 1 2 8 4 15 5 7 6 11 0 

custo: 2784
UB: inf
(6,0)
(8,2)
(17,9)
(13,12)
(18,16)

#####################################
#####################################
0 3 10 19 18 16 9 17 12 13 14 20 1 2 8 4 15 5 7 6 11 0 

custo: 2709
UB: 2784
(6,0)
(8,2)
(17,9)
(13,12)
(16,18)

#####################################
#####################################
0 3 10 19 20 14 1 2 8 4 15 5 7 6 11 0 
9 17 13 12 9 
16 18 16 

custo: 2697
UB: 2709
(6,0)
(8,2)
(17,9)
(12,13)

#####################################
#####################################
0 3 11 0 
1 20 14 1 
2 8 4 2 
5 15 5 
6 7 6 
9 16 18 10 19 9 
12 17 13 12 

custo: 2822
UB: 2709
(6,0)
(8,2)
(17,9)
(12,13)
(18,16)

#####################################
#####################################
0 3 10 18 16 9 19 20 14 1 2 8 4 15 5 7 6 11 0 
12 17 13 12 

custo: 2788
UB: 2709
(6,0)
(8,2)
(17,9)
(12,13)
(16,18)

#####################################
#####################################
0 11 0 
1 14 1 
2 8 4 2 
3 10 3 
5 15 5 
6 7 6 
9 19 20 17 9 
12 13 12 
16 18 16 

custo: 2633
UB: 2709
(6,0)
(8,2)
(9,17)

#####################################
#####################################
0 11 3 0 
1 14 1 
2 8 4 2 
5 15 5 
6 7 6 
9 20 17 9 
10 19 10 
12 13 12 
16 18 16 

custo: 2642
UB: 2709
(6,0)
(8,2)
(9,17)
(11,0)

#####################################
#####################################
0 11 3 0 
1 14 13 12 17 9 20 1 
2 8 4 2 
5 15 5 
6 7 6 
10 19 10 
16 18 16 

custo: 2696
UB: 2709
(6,0)
(8,2)
(9,17)
(11,0)
(14,1)

#####################################
#####################################
0 11 3 0 
1 14 13 12 17 9 20 1 
2 8 4 15 2 
5 6 7 5 
10 19 10 
16 18 16 

custo: 2704
UB: 2709
(6,0)
(8,2)
(9,17)
(11,0)
(14,1)
(15,5)

#####################################
#####################################
0 11 6 7 5 0 
1 14 13 12 17 9 19 20 1 
2 8 4 15 2 
3 10 3 
16 18 16 

custo: 2734
UB: 2709
(6,0)
(8,2)
(9,17)
(11,0)
(14,1)
(15,5)
(19,10)

#####################################
#####################################
0 11 6 7 5 15 2 1 14 20 17 9 19 10 3 0 
4 8 4 
12 13 12 
16 18 16 

custo: 2707
UB: 2709
(6,0)
(8,2)
(9,17)
(11,0)
(14,1)
(15,5)
(10,19)

#####################################
#####################################
0 11 6 7 5 0 
1 14 13 12 17 9 19 20 1 
2 8 15 4 2 
3 10 3 
16 18 16 

custo: 2814
UB: 2709
(6,0)
(8,2)
(9,17)
(11,0)
(14,1)
(15,5)
(10,19)
(8,4)

#####################################
#####################################
0 11 6 7 5 0 
1 14 13 12 17 9 19 20 1 
2 8 4 15 2 
3 10 3 
16 18 16 

custo: 2734
UB: 2709
(6,0)
(8,2)
(9,17)
(11,0)
(14,1)
(15,5)
(10,19)
(4,8)

#####################################
#####################################
0 11 3 0 
1 14 13 12 17 9 20 1 
2 8 4 15 2 
5 6 7 5 
10 19 10 
16 18 16 

custo: 2704
UB: 2709
(6,0)
(8,2)
(9,17)
(11,0)
(14,1)
(5,15)

#####################################
#####################################
0 11 6 7 5 0 
1 14 13 12 17 9 19 20 1 
2 8 4 15 2 
3 10 3 
16 18 16 

custo: 2734
UB: 2709
(6,0)
(8,2)
(9,17)
(11,0)
(14,1)
(5,15)
(19,10)

#####################################
#####################################
0 11 6 7 5 0 
1 14 13 12 17 9 19 20 1 
2 8 4 15 2 
3 10 3 
16 18 16 

custo: 2734
UB: 2709
(6,0)
(8,2)
(9,17)
(11,0)
(14,1)
(5,15)
(10,19)

#####################################
#####################################
0 11 3 10 19 17 9 20 14 1 2 8 4 15 5 0 
6 7 6 
12 13 12 
16 18 16 

custo: 2713
UB: 2709
(6,0)
(8,2)
(9,17)
(11,0)
(1,14)

#####################################
#####################################
0 6 11 0 
1 14 1 
2 8 4 15 2 
3 10 3 
5 7 5 
9 19 20 17 9 
12 13 12 
16 18 16 

custo: 2642
UB: 2709
(6,0)
(8,2)
(9,17)
(0,11)

#####################################
#####################################
0 6 11 0 
1 14 13 12 17 9 19 20 1 
2 8 4 15 2 
3 10 3 
5 7 5 
16 18 16 

custo: 2696
UB: 2709
(6,0)
(8,2)
(9,17)
(0,11)
(14,1)

#####################################
#####################################
0 3 11 0 
1 14 13 12 17 9 20 1 
2 8 4 2 
5 15 5 
6 7 6 
10 19 10 
16 18 16 

custo: 2696
UB: 2709
(6,0)
(8,2)
(9,17)
(0,11)
(14,1)
(10,3)

#####################################
#####################################
0 3 11 0 
1 14 13 12 17 9 20 1 
2 8 4 15 2 
5 6 7 5 
10 19 10 
16 18 16 

custo: 2704
UB: 2709
(6,0)
(8,2)
(9,17)
(0,11)
(14,1)
(10,3)
(15,5)

#####################################
#####################################
0 3 10 11 0 
1 14 13 12 17 9 19 20 1 
2 8 4 15 2 
5 6 7 5 
16 18 16 

custo: 2745
UB: 2709
(6,0)
(8,2)
(9,17)
(0,11)
(14,1)
(10,3)
(15,5)
(19,10)

#####################################
#####################################
0 3 10 11 0 
1 14 13 12 17 9 19 20 1 
2 8 4 15 2 
5 6 7 5 
16 18 16 

custo: 2745
UB: 2709
(6,0)
(8,2)
(9,17)
(0,11)
(14,1)
(10,3)
(15,5)
(10,19)

#####################################
#####################################
0 3 11 0 
1 14 13 12 17 9 20 1 
2 8 4 15 2 
5 6 7 5 
10 19 10 
16 18 16 

custo: 2704
UB: 2709
(6,0)
(8,2)
(9,17)
(0,11)
(14,1)
(10,3)
(5,15)

#####################################
#####################################
0 3 10 11 0 
1 14 13 12 17 9 19 20 1 
2 8 4 15 2 
5 6 7 5 
16 18 16 

custo: 2745
UB: 2709
(6,0)
(8,2)
(9,17)
(0,11)
(14,1)
(10,3)
(5,15)
(19,10)

#####################################
#####################################
0 3 10 11 0 
1 14 13 12 17 9 19 20 1 
2 8 4 15 2 
5 6 7 5 
16 18 16 

custo: 2745
UB: 2709
(6,0)
(8,2)
(9,17)
(0,11)
(14,1)
(10,3)
(5,15)
(10,19)

#####################################
#####################################
0 3 11 0 
1 14 13 12 17 9 20 1 
2 8 4 2 
5 15 5 
6 7 6 
10 19 10 
16 18 16 

custo: 2696
UB: 2709
(6,0)
(8,2)
(9,17)
(0,11)
(14,1)
(3,10)

#####################################
#####################################
0 3 11 0 
1 14 13 12 17 9 20 1 
2 8 4 15 2 
5 6 7 5 
10 19 10 
16 18 16 

custo: 2704
UB: 2709
(6,0)
(8,2)
(9,17)
(0,11)
(14,1)
(3,10)
(15,5)

#####################################
#####################################
0 10 3 11 0 
1 14 13 12 17 9 19 20 1 
2 8 4 15 2 
5 6 7 5 
16 18 16 

custo: 2746
UB: 2709
(6,0)
(8,2)
(9,17)
(0,11)
(14,1)
(3,10)
(15,5)
(19,10)

#####################################
#####################################
0 6 7 5 15 2 1 14 20 17 9 19 10 3 11 0 
4 8 4 
12 13 12 
16 18 16 

custo: 2705
UB: 2709
(6,0)
(8,2)
(9,17)
(0,11)
(14,1)
(3,10)
(15,5)
(10,19)

#####################################
#####################################
0 6 11 10 3 0 
1 14 13 12 17 9 19 20 1 
2 8 15 4 2 
5 7 5 
16 18 16 

custo: 2826
UB: 2709
(6,0)
(8,2)
(9,17)
(0,11)
(14,1)
(3,10)
(15,5)
(10,19)
(8,4)

#####################################
#####################################
0 6 11 10 3 0 
1 14 13 12 17 9 19 20 1 
2 8 4 15 2 
5 7 5 
16 18 16 

custo: 2746
UB: 2709
(6,0)
(8,2)
(9,17)
(0,11)
(14,1)
(3,10)
(15,5)
(10,19)
(4,8)

#####################################
#####################################
0 3 11 0 
1 14 13 12 17 9 20 1 
2 8 4 15 2 
5 6 7 5 
10 19 10 
16 18 16 

custo: 2704
UB: 2709
(6,0)
(8,2)
(9,17)
(0,11)
(14,1)
(3,10)
(5,15)

#####################################
#####################################
0 10 3 11 0 
1 14 13 12 17 9 19 20 1 
2 8 4 15 2 
5 6 7 5 
16 18 16 

custo: 2746
UB: 2709
(6,0)
(8,2)
(9,17)
(0,11)
(14,1)
(3,10)
(5,15)
(19,10)

#####################################
#####################################
0 10 3 11 0 
1 14 13 12 17 9 19 20 1 
2 8 4 15 2 
5 7 6 5 
16 18 16 

custo: 2746
UB: 2709
(6,0)
(8,2)
(9,17)
(0,11)
(14,1)
(3,10)
(5,15)
(10,19)

#####################################
#####################################
0 3 10 19 17 9 20 14 1 2 8 4 15 5 7 6 11 0 
12 13 12 
16 18 16 

custo: 2677
UB: 2709
(6,0)
(8,2)
(9,17)
(0,11)
(1,14)

#####################################
#####################################
0 3 10 19 20 14 1 2 8 4 15 5 7 6 11 0 
9 12 13 17 9 
16 18 16 

custo: 2697
UB: 2709
(6,0)
(8,2)
(9,17)
(0,11)
(1,14)
(13,12)

#####################################
#####################################
0 3 11 0 
1 20 14 1 
2 8 4 2 
5 15 5 
6 7 6 
9 16 18 10 19 9 
12 13 17 12 

custo: 2822
UB: 2709
(6,0)
(8,2)
(9,17)
(0,11)
(1,14)
(13,12)
(18,16)

#####################################
#####################################
0 3 10 18 16 9 19 20 14 1 2 8 4 15 5 7 6 11 0 
12 13 17 12 

custo: 2788
UB: 2709
(6,0)
(8,2)
(9,17)
(0,11)
(1,14)
(13,12)
(16,18)

#####################################
#####################################
0 3 10 19 20 14 1 2 8 4 15 5 7 6 11 0 
9 13 12 17 9 
16 18 16 

custo: 2697
UB: 2709
(6,0)
(8,2)
(9,17)
(0,11)
(1,14)
(12,13)

#####################################
#####################################
0 3 11 0 
1 2 1 
4 8 4 
5 15 5 
6 7 6 
9 16 18 10 19 20 14 13 12 17 9 

custo: 2778
UB: 2709
(6,0)
(8,2)
(9,17)
(0,11)
(1,14)
(12,13)
(18,16)

#####################################
#####################################
0 3 10 18 16 9 19 20 14 1 2 8 4 15 5 7 6 11 0 
12 17 13 12 

custo: 2788
UB: 2709
(6,0)
(8,2)
(9,17)
(0,11)
(1,14)
(12,13)
(16,18)

#####################################
#####################################
0 6 7 5 15 4 8 2 1 14 20 19 10 3 11 0 
9 17 9 
12 13 12 
16 18 16 

custo: 2497
UB: 2709
(6,0)
(2,8)

#####################################
#####################################
0 11 0 
1 14 1 
2 4 8 2 
3 10 3 
5 15 5 
6 7 6 
9 17 20 19 9 
12 13 12 
16 18 16 

custo: 2633
UB: 2709
(6,0)
(2,8)
(17,9)

#####################################
#####################################
0 11 3 0 
1 14 1 
2 4 8 2 
5 15 5 
6 7 6 
9 17 20 9 
10 19 10 
12 13 12 
16 18 16 

custo: 2642
UB: 2709
(6,0)
(2,8)
(17,9)
(11,0)

#####################################
#####################################
0 11 6 7 5 15 4 8 2 1 14 20 9 17 19 10 3 0 
12 13 12 
16 18 16 

custo: 2677
UB: 2709
(6,0)
(2,8)
(17,9)
(11,0)
(14,1)

#####################################
#####################################
0 11 6 7 5 15 4 8 2 1 14 20 19 10 3 0 
9 17 12 13 9 
16 18 16 

custo: 2697
UB: 2709
(6,0)
(2,8)
(17,9)
(11,0)
(14,1)
(13,12)

#####################################
#####################################
0 11 6 7 5 15 4 8 2 1 14 20 19 9 16 18 10 3 0 
12 13 17 12 

custo: 2788
UB: 2709
(6,0)
(2,8)
(17,9)
(11,0)
(14,1)
(13,12)
(18,16)

#####################################
#####################################
0 11 3 0 
1 2 1 
4 8 4 
5 15 5 
6 7 6 
9 17 12 13 14 20 19 10 18 16 9 

custo: 2778
UB: 2709
(6,0)
(2,8)
(17,9)
(11,0)
(14,1)
(13,12)
(16,18)

#####################################
#####################################
0 11 6 7 5 15 4 8 2 1 14 20 19 10 3 0 
9 17 13 12 9 
16 18 16 

custo: 2697
UB: 2709
(6,0)
(2,8)
(17,9)
(11,0)
(14,1)
(12,13)

#####################################
#####################################
0 11 6 7 5 15 4 8 2 1 14 20 19 9 16 18 10 3 0 
12 17 13 12 

custo: 2788
UB: 2709
(6,0)
(2,8)
(17,9)
(11,0)
(14,1)
(12,13)
(18,16)

#####################################
#####################################
0 11 3 0 
1 14 20 1 
2 4 8 2 
5 15 5 
6 7 6 
9 19 10 18 16 9 
12 17 13 12 

custo: 2822
UB: 2709
(6,0)
(2,8)
(17,9)
(11,0)
(14,1)
(12,13)
(16,18)

#####################################
#####################################
0 11 3 0 
1 20 9 17 12 13 14 1 
2 4 8 2 
5 15 5 
6 7 6 
10 19 10 
16 18 16 

custo: 2696
UB: 2709
(6,0)
(2,8)
(17,9)
(11,0)
(1,14)

#####################################
#####################################
0 11 3 0 
1 20 9 17 12 13 14 1 
2 15 4 8 2 
5 6 7 5 
10 19 10 
16 18 16 

custo: 2704
UB: 2709
(6,0)
(2,8)
(17,9)
(11,0)
(1,14)
(15,5)

#####################################
#####################################
0 11 6 7 5 0 
1 20 19 9 17 12 13 14 1 
2 15 4 8 2 
3 10 3 
16 18 16 

custo: 2734
UB: 2709
(6,0)
(2,8)
(17,9)
(11,0)
(1,14)
(15,5)
(19,10)

#####################################
#####################################
0 11 6 7 5 0 
1 20 19 9 17 12 13 14 1 
2 15 4 8 2 
3 10 3 
16 18 16 

custo: 2734
UB: 2709
(6,0)
(2,8)
(17,9)
(11,0)
(1,14)
(15,5)
(10,19)

#####################################
#####################################
0 11 3 0 
1 20 9 17 12 13 14 1 
2 15 4 8 2 
5 6 7 5 
10 19 10 
16 18 16 

custo: 2704
UB: 2709
(6,0)
(2,8)
(17,9)
(11,0)
(1,14)
(5,15)

#####################################
#####################################
0 11 6 7 5 0 
1 20 19 9 17 12 13 14 1 
2 15 4 8 2 
3 10 3 
16 18 16 

custo: 2734
UB: 2709
(6,0)
(2,8)
(17,9)
(11,0)
(1,14)
(5,15)
(19,10)

#####################################
#####################################
0 11 6 7 5 0 
1 20 19 9 17 12 13 14 1 
2 15 4 8 2 
3 10 3 
16 18 16 

custo: 2734
UB: 2709
(6,0)
(2,8)
(17,9)
(11,0)
(1,14)
(5,15)
(10,19)

#####################################
#####################################
0 6 11 0 
1 14 1 
2 15 4 8 2 
3 10 3 
5 7 5 
9 17 20 19 9 
12 13 12 
16 18 16 

custo: 2642
UB: 2709
(6,0)
(2,8)
(17,9)
(0,11)

#####################################
#####################################
0 6 7 5 15 4 8 2 1 14 20 9 17 19 10 3 11 0 
12 13 12 
16 18 16 

custo: 2675
UB: 2709
(6,0)
(2,8)
(17,9)
(0,11)
(14,1)

#####################################
#####################################
0 6 7 5 15 4 8 2 1 14 20 19 10 3 11 0 
9 17 12 13 9 
16 18 16 

custo: 2695
UB: 2709
(6,0)
(2,8)
(17,9)
(0,11)
(14,1)
(13,12)

#####################################
#####################################
0 6 7 5 15 4 8 2 1 14 20 19 9 16 18 10 3 11 0 
12 13 17 12 

custo: 2786
UB: 2709
(6,0)
(2,8)
(17,9)
(0,11)
(14,1)
(13,12)
(18,16)

#####################################
#####################################
0 3 11 0 
1 2 1 
4 8 4 
5 15 5 
6 7 6 
9 17 12 13 14 20 19 10 18 16 9 

custo: 2778
UB: 2709
(6,0)
(2,8)
(17,9)
(0,11)
(14,1)
(13,12)
(16,18)

#####################################
#####################################
0 6 7 5 15 4 8 2 1 14 20 19 10 3 11 0 
9 17 13 12 9 
16 18 16 

custo: 2695
UB: 2709
(6,0)
(2,8)
(17,9)
(0,11)
(14,1)
(12,13)

#####################################
#####################################
0 6 7 5 15 4 8 2 1 14 20 19 9 16 18 10 3 11 0 
12 17 13 12 

custo: 2786
UB: 2709
(6,0)
(2,8)
(17,9)
(0,11)
(14,1)
(12,13)
(18,16)

#####################################
#####################################
0 3 11 0 
1 14 20 1 
2 4 8 2 
5 15 5 
6 7 6 
9 19 10 18 16 9 
12 17 13 12 

custo: 2822
UB: 2709
(6,0)
(2,8)
(17,9)
(0,11)
(14,1)
(12,13)
(16,18)

#####################################
#####################################
0 6 11 0 
1 20 19 9 17 12 13 14 1 
2 15 4 8 2 
3 10 3 
5 7 5 
16 18 16 

custo: 2696
UB: 2709
(6,0)
(2,8)
(17,9)
(0,11)
(1,14)

#####################################
#####################################
0 3 11 0 
1 20 9 17 12 13 14 1 
2 4 8 2 
5 15 5 
6 7 6 
10 19 10 
16 18 16 

custo: 2696
UB: 2709
(6,0)
(2,8)
(17,9)
(0,11)
(1,14)
(10,3)

#####################################
#####################################
0 3 11 0 
1 20 9 17 12 13 14 1 
2 15 4 8 2 
5 6 7 5 
10 19 10 
16 18 16 

custo: 2704
UB: 2709
(6,0)
(2,8)
(17,9)
(0,11)
(1,14)
(10,3)
(15,5)

#####################################
#####################################
0 3 10 11 0 
1 20 19 9 17 12 13 14 1 
2 15 4 8 2 
5 6 7 5 
16 18 16 

custo: 2745
UB: 2709
(6,0)
(2,8)
(17,9)
(0,11)
(1,14)
(10,3)
(15,5)
(19,10)

#####################################
#####################################
0 3 10 11 0 
1 20 19 9 17 12 13 14 1 
2 15 4 8 2 
5 6 7 5 
16 18 16 

custo: 2745
UB: 2709
(6,0)
(2,8)
(17,9)
(0,11)
(1,14)
(10,3)
(15,5)
(10,19)

#####################################
#####################################
0 3 11 0 
1 20 9 17 12 13 14 1 
2 15 4 8 2 
5 6 7 5 
10 19 10 
16 18 16 

custo: 2704
UB: 2709
(6,0)
(2,8)
(17,9)
(0,11)
(1,14)
(10,3)
(5,15)

#####################################
#####################################
0 3 10 19 9 17 20 14 1 2 15 5 7 6 11 0 
4 8 4 
12 13 12 
16 18 16 

custo: 2707
UB: 2709
(6,0)
(2,8)
(17,9)
(0,11)
(1,14)
(10,3)
(5,15)
(19,10)

#####################################
#####################################
0 3 10 11 0 
1 20 19 9 17 12 13 14 1 
2 15 4 8 2 
5 6 7 5 
16 18 16 

custo: 2745
UB: 2709
(6,0)
(2,8)
(17,9)
(0,11)
(1,14)
(10,3)
(5,15)
(19,10)
(8,4)

#####################################
#####################################
0 3 10 11 0 
1 20 19 9 17 12 13 14 1 
2 4 15 8 2 
5 6 7 5 
16 18 16 

custo: 2825
UB: 2709
(6,0)
(2,8)
(17,9)
(0,11)
(1,14)
(10,3)
(5,15)
(19,10)
(4,8)

#####################################
#####################################
0 3 10 11 0 
1 20 19 9 17 12 13 14 1 
2 15 4 8 2 
5 6 7 5 
16 18 16 

custo: 2745
UB: 2709
(6,0)
(2,8)
(17,9)
(0,11)
(1,14)
(10,3)
(5,15)
(10,19)

#####################################
#####################################
0 3 11 0 
1 20 9 17 12 13 14 1 
2 4 8 2 
5 15 5 
6 7 6 
10 19 10 
16 18 16 

custo: 2696
UB: 2709
(6,0)
(2,8)
(17,9)
(0,11)
(1,14)
(3,10)

#####################################
#####################################
0 3 11 0 
1 20 9 17 12 13 14 1 
2 15 4 8 2 
5 6 7 5 
10 19 10 
16 18 16 

custo: 2704
UB: 2709
(6,0)
(2,8)
(17,9)
(0,11)
(1,14)
(3,10)
(15,5)

#####################################
#####################################
0 6 11 10 3 0 
1 20 19 9 17 12 13 14 1 
2 15 4 8 2 
5 7 5 
16 18 16 

custo: 2746
UB: 2709
(6,0)
(2,8)
(17,9)
(0,11)
(1,14)
(3,10)
(15,5)
(19,10)

#####################################
#####################################
0 10 3 11 0 
1 20 19 9 17 12 13 14 1 
2 15 4 8 2 
5 6 7 5 
16 18 16 

custo: 2746
UB: 2709
(6,0)
(2,8)
(17,9)
(0,11)
(1,14)
(3,10)
(15,5)
(10,19)

#####################################
#####################################
0 3 11 0 
1 20 9 17 12 13 14 1 
2 15 4 8 2 
5 6 7 5 
10 19 10 
16 18 16 

custo: 2704
UB: 2709
(6,0)
(2,8)
(17,9)
(0,11)
(1,14)
(3,10)
(5,15)

#####################################
#####################################
0 6 11 10 3 0 
1 20 19 9 17 12 13 14 1 
2 15 4 8 2 
5 7 5 
16 18 16 

custo: 2746
UB: 2709
(6,0)
(2,8)
(17,9)
(0,11)
(1,14)
(3,10)
(5,15)
(19,10)

#####################################
#####################################
0 10 3 11 0 
1 20 19 9 17 12 13 14 1 
2 15 4 8 2 
5 6 7 5 
16 18 16 

custo: 2746
UB: 2709
(6,0)
(2,8)
(17,9)
(0,11)
(1,14)
(3,10)
(5,15)
(10,19)

#####################################
#####################################
0 6 7 5 15 4 8 2 1 14 20 17 9 19 10 3 11 0 
12 13 12 
16 18 16 

custo: 2585
UB: 2709
(6,0)
(2,8)
(9,17)

#####################################
#####################################
0 6 7 5 15 4 8 2 1 14 20 19 10 3 11 0 
9 12 13 17 9 
16 18 16 

custo: 2695
UB: 2709
(6,0)
(2,8)
(9,17)
(13,12)

#####################################
#####################################
0 6 7 5 15 4 8 2 1 14 20 19 9 16 18 10 3 11 0 
12 13 17 12 

custo: 2786
UB: 2709
(6,0)
(2,8)
(9,17)
(13,12)
(18,16)

#####################################
#####################################
0 3 11 0 
1 14 20 1 
2 4 8 2 
5 15 5 
6 7 6 
9 19 10 18 16 9 
12 13 17 12 

custo: 2822
UB: 2709
(6,0)
(2,8)
(9,17)
(13,12)
(16,18)

#####################################
#####################################
0 6 7 5 15 4 8 2 1 20 14 13 12 17 9 19 10 3 11 0 
16 18 16 

custo: 2639
UB: 2709
(6,0)
(2,8)
(9,17)
(12,13)

#####################################
#####################################
0 6 7 5 15 4 8 2 1 20 14 13 12 17 9 16 18 19 10 3 11 0 

custo: 2707
UB: 2709
(6,0)
(2,8)
(9,17)
(12,13)
(18,16)

#####################################
#####################################
0 6 7 5 15 4 8 2 1 20 14 13 12 17 9 19 18 16 10 3 11 0 

custo: 2782
UB: 2707
(6,0)
(2,8)
(9,17)
(12,13)
(16,18)

#####################################
#####################################
0 11 3 0 
1 14 20 1 
2 8 2 
4 15 4 
5 6 7 5 
9 17 9 
10 19 10 
12 13 12 
16 18 16 

custo: 2421
UB: 2707
(0,6)

#####################################
#####################################
0 11 3 10 19 20 14 1 2 8 4 15 5 7 6 0 
9 17 9 
12 13 12 
16 18 16 

custo: 2497
UB: 2707
(0,6)
(8,2)

#####################################
#####################################
0 11 3 10 19 9 17 20 14 1 2 8 4 15 5 7 6 0 
12 13 12 
16 18 16 

custo: 2585
UB: 2707
(0,6)
(8,2)
(17,9)

#####################################
#####################################
0 11 3 10 19 9 17 12 13 14 20 1 2 8 4 15 5 7 6 0 
16 18 16 

custo: 2639
UB: 2707
(0,6)
(8,2)
(17,9)
(13,12)

#####################################
#####################################
0 11 3 10 16 18 19 9 17 12 13 14 20 1 2 8 4 15 5 7 6 0 

custo: 2782
UB: 2707
(0,6)
(8,2)
(17,9)
(13,12)
(18,16)

#####################################
#####################################
0 11 3 10 19 18 16 9 17 12 13 14 20 1 2 8 4 15 5 7 6 0 

custo: 2707
UB: 2707
(0,6)
(8,2)
(17,9)
(13,12)
(16,18)

#####################################
#####################################
0 11 3 10 19 20 14 1 2 8 4 15 5 7 6 0 
9 17 13 12 9 
16 18 16 

custo: 2695
UB: 2707
(0,6)
(8,2)
(17,9)
(12,13)

#####################################
#####################################
0 3 11 0 
1 20 14 1 
2 8 4 2 
5 15 5 
6 7 6 
9 16 18 10 19 9 
12 17 13 12 

custo: 2822
UB: 2707
(0,6)
(8,2)
(17,9)
(12,13)
(18,16)

#####################################
#####################################
0 11 3 10 18 16 9 19 20 14 1 2 8 4 15 5 7 6 0 
12 17 13 12 

custo: 2786
UB: 2707
(0,6)
(8,2)
(17,9)
(12,13)
(16,18)

#####################################
#####################################
0 11 0 
1 14 1 
2 8 4 2 
3 10 3 
5 15 5 
6 7 6 
9 19 20 17 9 
12 13 12 
16 18 16 

custo: 2633
UB: 2707
(0,6)
(8,2)
(9,17)

#####################################
#####################################
0 11 6 0 
1 14 1 
2 8 4 15 2 
3 10 3 
5 7 5 
9 19 20 17 9 
12 13 12 
16 18 16 

custo: 2642
UB: 2707
(0,6)
(8,2)
(9,17)
(11,0)

#####################################
#####################################
0 11 6 0 
1 14 13 12 17 9 19 20 1 
2 8 4 15 2 
3 10 3 
5 7 5 
16 18 16 

custo: 2696
UB: 2707
(0,6)
(8,2)
(9,17)
(11,0)
(14,1)

#####################################
#####################################
0 11 3 0 
1 14 13 12 17 9 20 1 
2 8 4 2 
5 15 5 
6 7 6 
10 19 10 
16 18 16 

custo: 2696
UB: 2707
(0,6)
(8,2)
(9,17)
(11,0)
(14,1)
(10,3)

#####################################
#####################################
0 11 3 0 
1 14 13 12 17 9 20 1 
2 8 4 15 2 
5 6 7 5 
10 19 10 
16 18 16 

custo: 2704
UB: 2707
(0,6)
(8,2)
(9,17)
(11,0)
(14,1)
(10,3)
(15,5)

#####################################
#####################################
0 11 3 10 0 
1 14 13 12 17 9 19 20 1 
2 8 4 15 2 
5 6 7 5 
16 18 16 

custo: 2746
UB: 2707
(0,6)
(8,2)
(9,17)
(11,0)
(14,1)
(10,3)
(15,5)
(19,10)

#####################################
#####################################
0 11 3 10 0 
1 14 13 12 17 9 19 20 1 
2 8 4 15 2 
5 6 7 5 
16 18 16 

custo: 2746
UB: 2707
(0,6)
(8,2)
(9,17)
(11,0)
(14,1)
(10,3)
(15,5)
(10,19)

#####################################
#####################################
0 11 3 0 
1 14 13 12 17 9 20 1 
2 8 4 15 2 
5 6 7 5 
10 19 10 
16 18 16 

custo: 2704
UB: 2707
(0,6)
(8,2)
(9,17)
(11,0)
(14,1)
(10,3)
(5,15)

#####################################
#####################################
0 11 3 10 0 
1 14 13 12 17 9 19 20 1 
2 8 4 15 2 
5 6 7 5 
16 18 16 

custo: 2746
UB: 2707
(0,6)
(8,2)
(9,17)
(11,0)
(14,1)
(10,3)
(5,15)
(19,10)

#####################################
#####################################
0 11 3 10 0 
1 14 13 12 17 9 19 20 1 
2 8 4 15 2 
5 6 7 5 
16 18 16 

custo: 2746
UB: 2707
(0,6)
(8,2)
(9,17)
(11,0)
(14,1)
(10,3)
(5,15)
(10,19)

#####################################
#####################################
0 11 3 0 
1 14 13 12 17 9 20 1 
2 8 4 2 
5 15 5 
6 7 6 
10 19 10 
16 18 16 

custo: 2696
UB: 2707
(0,6)
(8,2)
(9,17)
(11,0)
(14,1)
(3,10)

#####################################
#####################################
0 11 3 0 
1 14 13 12 17 9 20 1 
2 8 4 15 2 
5 6 7 5 
10 19 10 
16 18 16 

custo: 2704
UB: 2707
(0,6)
(8,2)
(9,17)
(11,0)
(14,1)
(3,10)
(15,5)

#####################################
#####################################
0 11 10 3 0 
1 14 13 12 17 9 19 20 1 
2 8 4 15 2 
5 6 7 5 
16 18 16 

custo: 2745
UB: 2707
(0,6)
(8,2)
(9,17)
(11,0)
(14,1)
(3,10)
(15,5)
(19,10)

#####################################
#####################################
0 11 6 7 5 15 2 1 14 20 17 9 19 10 3 0 
4 8 4 
12 13 12 
16 18 16 

custo: 2707
UB: 2707
(0,6)
(8,2)
(9,17)
(11,0)
(14,1)
(3,10)
(15,5)
(10,19)

#####################################
#####################################
0 11 10 3 0 
1 14 13 12 17 9 19 20 1 
2 8 15 4 2 
5 6 7 5 
16 18 16 

custo: 2825
UB: 2707
(0,6)
(8,2)
(9,17)
(11,0)
(14,1)
(3,10)
(15,5)
(10,19)
(8,4)

#####################################
#####################################
0 11 10 3 0 
1 14 13 12 17 9 19 20 1 
2 8 4 15 2 
5 6 7 5 
16 18 16 

custo: 2745
UB: 2707
(0,6)
(8,2)
(9,17)
(11,0)
(14,1)
(3,10)
(15,5)
(10,19)
(4,8)

#####################################
#####################################
0 11 3 0 
1 14 13 12 17 9 20 1 
2 8 4 15 2 
5 6 7 5 
10 19 10 
16 18 16 

custo: 2704
UB: 2707
(0,6)
(8,2)
(9,17)
(11,0)
(14,1)
(3,10)
(5,15)

#####################################
#####################################
0 11 10 3 0 
1 14 13 12 17 9 19 20 1 
2 8 4 15 2 
5 6 7 5 
16 18 16 

custo: 2745
UB: 2707
(0,6)
(8,2)
(9,17)
(11,0)
(14,1)
(3,10)
(5,15)
(19,10)

#####################################
#####################################
0 11 10 3 0 
1 14 13 12 17 9 19 20 1 
2 8 4 15 2 
5 7 6 5 
16 18 16 

custo: 2745
UB: 2707
(0,6)
(8,2)
(9,17)
(11,0)
(14,1)
(3,10)
(5,15)
(10,19)

#####################################
#####################################
0 11 3 10 19 17 9 20 14 1 2 8 4 15 5 7 6 0 
12 13 12 
16 18 16 

custo: 2675
UB: 2707
(0,6)
(8,2)
(9,17)
(11,0)
(1,14)

#####################################
#####################################
0 11 3 10 19 20 14 1 2 8 4 15 5 7 6 0 
9 12 13 17 9 
16 18 16 

custo: 2695
UB: 2707
(0,6)
(8,2)
(9,17)
(11,0)
(1,14)
(13,12)

#####################################
#####################################
0 11 3 0 
1 20 14 1 
2 8 4 2 
5 15 5 
6 7 6 
9 16 18 10 19 9 
12 13 17 12 

custo: 2822
UB: 2707
(0,6)
(8,2)
(9,17)
(11,0)
(1,14)
(13,12)
(18,16)

#####################################
#####################################
0 11 3 10 18 16 9 19 20 14 1 2 8 4 15 5 7 6 0 
12 13 17 12 

custo: 2786
UB: 2707
(0,6)
(8,2)
(9,17)
(11,0)
(1,14)
(13,12)
(16,18)

#####################################
#####################################
0 11 3 10 19 20 14 1 2 8 4 15 5 7 6 0 
9 13 12 17 9 
16 18 16 

custo: 2695
UB: 2707
(0,6)
(8,2)
(9,17)
(11,0)
(1,14)
(12,13)

#####################################
#####################################
0 11 3 0 
1 2 1 
4 8 4 
5 15 5 
6 7 6 
9 16 18 10 19 20 14 13 12 17 9 

custo: 2778
UB: 2707
(0,6)
(8,2)
(9,17)
(11,0)
(1,14)
(12,13)
(18,16)

#####################################
#####################################
0 11 3 10 18 16 9 19 20 14 1 2 8 4 15 5 7 6 0 
12 17 13 12 

custo: 2786
UB: 2707
(0,6)
(8,2)
(9,17)
(11,0)
(1,14)
(12,13)
(16,18)

#####################################
#####################################
0 3 11 0 
1 14 1 
2 8 4 2 
5 15 5 
6 7 6 
9 20 17 9 
10 19 10 
12 13 12 
16 18 16 

custo: 2642
UB: 2707
(0,6)
(8,2)
(9,17)
(0,11)

#####################################
#####################################
0 3 11 0 
1 14 13 12 17 9 20 1 
2 8 4 2 
5 15 5 
6 7 6 
10 19 10 
16 18 16 

custo: 2696
UB: 2707
(0,6)
(8,2)
(9,17)
(0,11)
(14,1)

#####################################
#####################################
0 3 11 0 
1 14 13 12 17 9 20 1 
2 8 4 15 2 
5 6 7 5 
10 19 10 
16 18 16 

custo: 2704
UB: 2707
(0,6)
(8,2)
(9,17)
(0,11)
(14,1)
(15,5)

#####################################
#####################################
0 5 7 6 11 0 
1 14 13 12 17 9 19 20 1 
2 8 4 15 2 
3 10 3 
16 18 16 

custo: 2734
UB: 2707
(0,6)
(8,2)
(9,17)
(0,11)
(14,1)
(15,5)
(19,10)

#####################################
#####################################
0 5 7 6 11 0 
1 14 13 12 17 9 19 20 1 
2 8 4 15 2 
3 10 3 
16 18 16 

custo: 2734
UB: 2707
(0,6)
(8,2)
(9,17)
(0,11)
(14,1)
(15,5)
(10,19)

#####################################
#####################################
0 3 11 0 
1 14 13 12 17 9 20 1 
2 8 4 15 2 
5 6 7 5 
10 19 10 
16 18 16 

custo: 2704
UB: 2707
(0,6)
(8,2)
(9,17)
(0,11)
(14,1)
(5,15)

#####################################
#####################################
0 5 7 6 11 0 
1 14 13 12 17 9 19 20 1 
2 8 4 15 2 
3 10 3 
16 18 16 

custo: 2734
UB: 2707
(0,6)
(8,2)
(9,17)
(0,11)
(14,1)
(5,15)
(19,10)

#####################################
#####################################
0 5 7 6 11 0 
1 14 13 12 17 9 19 20 1 
2 8 4 15 2 
3 10 3 
16 18 16 

custo: 2734
UB: 2707
(0,6)
(8,2)
(9,17)
(0,11)
(14,1)
(5,15)
(10,19)

#####################################
#####################################
0 3 10 19 17 9 20 14 1 2 8 4 15 5 7 6 11 0 
12 13 12 
16 18 16 

custo: 2677
UB: 2707
(0,6)
(8,2)
(9,17)
(0,11)
(1,14)

#####################################
#####################################
0 3 10 19 20 14 1 2 8 4 15 5 7 6 11 0 
9 12 13 17 9 
16 18 16 

custo: 2697
UB: 2707
(0,6)
(8,2)
(9,17)
(0,11)
(1,14)
(13,12)

#####################################
#####################################
0 3 11 0 
1 20 14 1 
2 8 4 2 
5 15 5 
6 7 6 
9 16 18 10 19 9 
12 13 17 12 

custo: 2822
UB: 2707
(0,6)
(8,2)
(9,17)
(0,11)
(1,14)
(13,12)
(18,16)

#####################################
#####################################
0 3 10 18 16 9 19 20 14 1 2 8 4 15 5 7 6 11 0 
12 13 17 12 

custo: 2788
UB: 2707
(0,6)
(8,2)
(9,17)
(0,11)
(1,14)
(13,12)
(16,18)

#####################################
#####################################
0 3 10 19 20 14 1 2 8 4 15 5 7 6 11 0 
9 13 12 17 9 
16 18 16 

custo: 2697
UB: 2707
(0,6)
(8,2)
(9,17)
(0,11)
(1,14)
(12,13)

#####################################
#####################################
0 3 11 0 
1 2 1 
4 8 4 
5 15 5 
6 7 6 
9 16 18 10 19 20 14 13 12 17 9 

custo: 2778
UB: 2707
(0,6)
(8,2)
(9,17)
(0,11)
(1,14)
(12,13)
(18,16)

#####################################
#####################################
0 3 10 18 16 9 19 20 14 1 2 8 4 15 5 7 6 11 0 
12 17 13 12 

custo: 2788
UB: 2707
(0,6)
(8,2)
(9,17)
(0,11)
(1,14)
(12,13)
(16,18)

#####################################
#####################################
0 11 6 7 5 15 4 8 2 1 14 20 19 10 3 0 
9 17 9 
12 13 12 
16 18 16 

custo: 2499
UB: 2707
(0,6)
(2,8)

#####################################
#####################################
0 11 0 
1 14 1 
2 4 8 2 
3 10 3 
5 15 5 
6 7 6 
9 17 20 19 9 
12 13 12 
16 18 16 

custo: 2633
UB: 2707
(0,6)
(2,8)
(17,9)

#####################################
#####################################
0 11 6 0 
1 14 1 
2 15 4 8 2 
3 10 3 
5 7 5 
9 17 20 19 9 
12 13 12 
16 18 16 

custo: 2642
UB: 2707
(0,6)
(2,8)
(17,9)
(11,0)

#####################################
#####################################
0 11 6 7 5 15 4 8 2 1 14 20 9 17 19 10 3 0 
12 13 12 
16 18 16 

custo: 2677
UB: 2707
(0,6)
(2,8)
(17,9)
(11,0)
(14,1)

#####################################
#####################################
0 11 6 7 5 15 4 8 2 1 14 20 19 10 3 0 
9 17 12 13 9 
16 18 16 

custo: 2697
UB: 2707
(0,6)
(2,8)
(17,9)
(11,0)
(14,1)
(13,12)

#####################################
#####################################
0 11 6 7 5 15 4 8 2 1 14 20 19 9 16 18 10 3 0 
12 13 17 12 

custo: 2788
UB: 2707
(0,6)
(2,8)
(17,9)
(11,0)
(14,1)
(13,12)
(18,16)

#####################################
#####################################
0 11 3 0 
1 2 1 
4 8 4 
5 15 5 
6 7 6 
9 17 12 13 14 20 19 10 18 16 9 

custo: 2778
UB: 2707
(0,6)
(2,8)
(17,9)
(11,0)
(14,1)
(13,12)
(16,18)

#####################################
#####################################
0 11 6 7 5 15 4 8 2 1 14 20 19 10 3 0 
9 17 13 12 9 
16 18 16 

custo: 2697
UB: 2707
(0,6)
(2,8)
(17,9)
(11,0)
(14,1)
(12,13)

#####################################
#####################################
0 11 6 7 5 15 4 8 2 1 14 20 19 9 16 18 10 3 0 
12 17 13 12 

custo: 2788
UB: 2707
(0,6)
(2,8)
(17,9)
(11,0)
(14,1)
(12,13)
(18,16)

#####################################
#####################################
0 11 3 0 
1 14 20 1 
2 4 8 2 
5 15 5 
6 7 6 
9 19 10 18 16 9 
12 17 13 12 

custo: 2822
UB: 2707
(0,6)
(2,8)
(17,9)
(11,0)
(14,1)
(12,13)
(16,18)

#####################################
#####################################
0 11 6 0 
1 20 19 9 17 12 13 14 1 
2 15 4 8 2 
3 10 3 
5 7 5 
16 18 16 

custo: 2696
UB: 2707
(0,6)
(2,8)
(17,9)
(11,0)
(1,14)

#####################################
#####################################
0 11 3 0 
1 20 9 17 12 13 14 1 
2 4 8 2 
5 15 5 
6 7 6 
10 19 10 
16 18 16 

custo: 2696
UB: 2707
(0,6)
(2,8)
(17,9)
(11,0)
(1,14)
(10,3)

#####################################
#####################################
0 11 3 0 
1 20 9 17 12 13 14 1 
2 15 4 8 2 
5 6 7 5 
10 19 10 
16 18 16 

custo: 2704
UB: 2707
(0,6)
(2,8)
(17,9)
(11,0)
(1,14)
(10,3)
(15,5)

#####################################
#####################################
0 11 3 10 0 
1 20 19 9 17 12 13 14 1 
2 15 4 8 2 
5 6 7 5 
16 18 16 

custo: 2746
UB: 2707
(0,6)
(2,8)
(17,9)
(11,0)
(1,14)
(10,3)
(15,5)
(19,10)

#####################################
#####################################
0 11 3 10 0 
1 20 19 9 17 12 13 14 1 
2 15 4 8 2 
5 6 7 5 
16 18 16 

custo: 2746
UB: 2707
(0,6)
(2,8)
(17,9)
(11,0)
(1,14)
(10,3)
(15,5)
(10,19)

#####################################
#####################################
0 11 3 0 
1 20 9 17 12 13 14 1 
2 15 4 8 2 
5 6 7 5 
10 19 10 
16 18 16 

custo: 2704
UB: 2707
(0,6)
(2,8)
(17,9)
(11,0)
(1,14)
(10,3)
(5,15)

#####################################
#####################################
0 11 3 10 19 9 17 20 14 1 2 15 5 7 6 0 
4 8 4 
12 13 12 
16 18 16 

custo: 2705
UB: 2707
(0,6)
(2,8)
(17,9)
(11,0)
(1,14)
(10,3)
(5,15)
(19,10)

#####################################
#####################################
0 11 3 10 0 
1 20 19 9 17 12 13 14 1 
2 15 4 8 2 
5 6 7 5 
16 18 16 

custo: 2746
UB: 2707
(0,6)
(2,8)
(17,9)
(11,0)
(1,14)
(10,3)
(5,15)
(19,10)
(8,4)

#####################################
#####################################
0 11 3 10 0 
1 20 19 9 17 12 13 14 1 
2 4 15 8 2 
5 6 7 5 
16 18 16 

custo: 2826
UB: 2707
(0,6)
(2,8)
(17,9)
(11,0)
(1,14)
(10,3)
(5,15)
(19,10)
(4,8)

#####################################
#####################################
0 11 3 10 0 
1 20 19 9 17 12 13 14 1 
2 15 4 8 2 
5 6 7 5 
16 18 16 

custo: 2746
UB: 2707
(0,6)
(2,8)
(17,9)
(11,0)
(1,14)
(10,3)
(5,15)
(10,19)

#####################################
#####################################
0 11 3 0 
1 20 9 17 12 13 14 1 
2 4 8 2 
5 15 5 
6 7 6 
10 19 10 
16 18 16 

custo: 2696
UB: 2707
(0,6)
(2,8)
(17,9)
(11,0)
(1,14)
(3,10)

#####################################
#####################################
0 11 3 0 
1 20 9 17 12 13 14 1 
2 15 4 8 2 
5 6 7 5 
10 19 10 
16 18 16 

custo: 2704
UB: 2707
(0,6)
(2,8)
(17,9)
(11,0)
(1,14)
(3,10)
(15,5)

#####################################
#####################################
0 11 10 3 0 
1 20 19 9 17 12 13 14 1 
2 15 4 8 2 
5 6 7 5 
16 18 16 

custo: 2745
UB: 2707
(0,6)
(2,8)
(17,9)
(11,0)
(1,14)
(3,10)
(15,5)
(19,10)

#####################################
#####################################
0 11 10 3 0 
1 20 19 9 17 12 13 14 1 
2 15 4 8 2 
5 6 7 5 
16 18 16 

custo: 2745
UB: 2707
(0,6)
(2,8)
(17,9)
(11,0)
(1,14)
(3,10)
(15,5)
(10,19)

#####################################
#####################################
0 11 3 0 
1 20 9 17 12 13 14 1 
2 15 4 8 2 
5 6 7 5 
10 19 10 
16 18 16 

custo: 2704
UB: 2707
(0,6)
(2,8)
(17,9)
(11,0)
(1,14)
(3,10)
(5,15)

#####################################
#####################################
0 11 10 3 0 
1 20 19 9 17 12 13 14 1 
2 15 4 8 2 
5 6 7 5 
16 18 16 

custo: 2745
UB: 2707
(0,6)
(2,8)
(17,9)
(11,0)
(1,14)
(3,10)
(5,15)
(19,10)

#####################################
#####################################
0 11 10 3 0 
1 20 19 9 17 12 13 14 1 
2 15 4 8 2 
5 6 7 5 
16 18 16 

custo: 2745
UB: 2707
(0,6)
(2,8)
(17,9)
(11,0)
(1,14)
(3,10)
(5,15)
(10,19)

#####################################
#####################################
0 3 11 0 
1 14 1 
2 4 8 2 
5 15 5 
6 7 6 
9 17 20 9 
10 19 10 
12 13 12 
16 18 16 

custo: 2642
UB: 2707
(0,6)
(2,8)
(17,9)
(0,11)

#####################################
#####################################
0 5 15 4 8 2 1 14 20 9 17 19 10 3 11 0 
6 7 6 
12 13 12 
16 18 16 

custo: 2713
UB: 2707
(0,6)
(2,8)
(17,9)
(0,11)
(14,1)

#####################################
#####################################
0 3 11 0 
1 20 9 17 12 13 14 1 
2 4 8 2 
5 15 5 
6 7 6 
10 19 10 
16 18 16 

custo: 2696
UB: 2707
(0,6)
(2,8)
(17,9)
(0,11)
(1,14)

#####################################
#####################################
0 3 11 0 
1 20 9 17 12 13 14 1 
2 15 4 8 2 
5 6 7 5 
10 19 10 
16 18 16 

custo: 2704
UB: 2707
(0,6)
(2,8)
(17,9)
(0,11)
(1,14)
(15,5)

#####################################
#####################################
0 5 7 6 11 0 
1 20 19 9 17 12 13 14 1 
2 15 4 8 2 
3 10 3 
16 18 16 

custo: 2734
UB: 2707
(0,6)
(2,8)
(17,9)
(0,11)
(1,14)
(15,5)
(19,10)

#####################################
#####################################
0 5 7 6 11 0 
1 20 19 9 17 12 13 14 1 
2 15 4 8 2 
3 10 3 
16 18 16 

custo: 2734
UB: 2707
(0,6)
(2,8)
(17,9)
(0,11)
(1,14)
(15,5)
(10,19)

#####################################
#####################################
0 3 11 0 
1 20 9 17 12 13 14 1 
2 15 4 8 2 
5 6 7 5 
10 19 10 
16 18 16 

custo: 2704
UB: 2707
(0,6)
(2,8)
(17,9)
(0,11)
(1,14)
(5,15)

#####################################
#####################################
0 3 10 19 9 17 20 14 1 2 15 5 7 6 11 0 
4 8 4 
12 13 12 
16 18 16 

custo: 2707
UB: 2707
(0,6)
(2,8)
(17,9)
(0,11)
(1,14)
(5,15)
(19,10)

#####################################
#####################################
0 5 7 6 11 0 
1 20 19 9 17 12 13 14 1 
2 15 4 8 2 
3 10 3 
16 18 16 

custo: 2734
UB: 2707
(0,6)
(2,8)
(17,9)
(0,11)
(1,14)
(5,15)
(19,10)
(8,4)

#####################################
#####################################
0 5 7 6 11 0 
1 20 19 9 17 12 13 14 1 
2 4 15 8 2 
3 10 3 
16 18 16 

custo: 2814
UB: 2707
(0,6)
(2,8)
(17,9)
(0,11)
(1,14)
(5,15)
(19,10)
(4,8)

#####################################
#####################################
0 5 7 6 11 0 
1 20 19 9 17 12 13 14 1 
2 15 4 8 2 
3 10 3 
16 18 16 

custo: 2734
UB: 2707
(0,6)
(2,8)
(17,9)
(0,11)
(1,14)
(5,15)
(10,19)

#####################################
#####################################
0 11 6 7 5 15 4 8 2 1 14 20 17 9 19 10 3 0 
12 13 12 
16 18 16 

custo: 2587
UB: 2707
(0,6)
(2,8)
(9,17)

#####################################
#####################################
0 11 6 7 5 15 4 8 2 1 14 20 19 10 3 0 
9 12 13 17 9 
16 18 16 

custo: 2697
UB: 2707
(0,6)
(2,8)
(9,17)
(13,12)

#####################################
#####################################
0 11 6 7 5 15 4 8 2 1 14 20 19 9 16 18 10 3 0 
12 13 17 12 

custo: 2788
UB: 2707
(0,6)
(2,8)
(9,17)
(13,12)
(18,16)

#####################################
#####################################
0 3 11 0 
1 14 20 1 
2 4 8 2 
5 15 5 
6 7 6 
9 19 10 18 16 9 
12 13 17 12 

custo: 2822
UB: 2707
(0,6)
(2,8)
(9,17)
(13,12)
(16,18)

#####################################
#####################################
0 11 6 7 5 15 4 8 2 1 20 14 13 12 17 9 19 10 3 0 
16 18 16 

custo: 2641
UB: 2707
(0,6)
(2,8)
(9,17)
(12,13)

#####################################
#####################################
0 11 6 7 5 15 4 8 2 1 20 14 13 12 17 9 16 18 19 10 3 0 

custo: 2709
UB: 2707
(0,6)
(2,8)
(9,17)
(12,13)
(18,16)

#####################################
#####################################
0 11 6 7 5 15 4 8 2 1 20 14 13 12 17 9 19 18 16 10 3 0 

custo: 2784
UB: 2707
(0,6)
(2,8)
(9,17)
(12,13)
(16,18)

#####################################
2707
