41 42 43 44 45 46 47 48 49 
4.1e+13
41 42 43 44 45 46 47 48 
4.1e+13
41 42 43 44 45 46 47 
4.1e+13
41 42 43 44 45 46 
4.1e+13
41 42 43 44 45 
4.1e+13
41 42 43 44 
4.1e+13
39 40 41 42 43 
4.1e+13
39 40 41 42 44 45 
4.1e+13
39 40 42 44 46 47 48 49 
4.1e+13
39 40 44 46 47 48 
4e+13
40 41 43 45 46 47 49 
4e+13
37 38 39 43 45 48 49 
3.85294e+13
31 38 40 41 48 
3.8e+13
34 38 39 41 49 
3.78e+13
37 38 40 43 44 
3.76087e+13
37 38 42 45 46 47 
3.7e+13
35 36 37 45 46 
3.61212e+13
35 36 42 43 47 49 
3.46591e+13
34 36 37 44 47 
3.43875e+13
33 34 35 42 48 
3.36575e+13
36 38 39 43 45 
3.34121e+13
31 32 33 49 
3.17075e+13
32 34 35 45 
3.13803e+13
35 39 41 43 46 47 
3.11689e+13
29 32 43 46 48 
3.08285e+13
31 38 42 44 46 
3.07742e+13
29 30 45 47 49 
3.05556e+13
32 36 38 40 
3.02577e+13
30 37 39 
2.99863e+13
34 36 40 43 44 
2.9388e+13
29 33 41 44 
2.9e+13
26 27 
2.7e+13
27 28 
2.7e+13
26 28 
2.6e+13
24 29 47 
2.55513e+13
22 35 44 48 49 
2.52255e+13
30 36 42 46 48 
2.51353e+13
25 30 43 
2.44949e+13
25 37 45 46 48 
2.4104e+13
25 36 39 
2.40117e+13
25 40 41 46 
2.38207e+13
24 33 45 
2.37763e+13
23 34 42 
2.27044e+13
23 31 47 
2.24624e+13
22 37 43 
2.20819e+13
29 35 38 46 
2.2e+13
13 45 46 48 
2.18215e+13
30 31 41 
2.15895e+13
21 35 47 
2.12814e+13
24 39 44 46 
2.11995e+13
20 38 44 
2.10029e+13
29 35 40 45 49 
2.07159e+13
23 40 43 48 49 
2.06194e+13
22 39 40 
2.05627e+13
20 34 49 
2.049e+13
21 29 48 
2.01801e+13
32 35 41 42 49 
1.98617e+13
20 35 
1.97218e+13
19 42 44 49 
1.94844e+13
23 32 46 49 
1.93023e+13
19 34 
1.87206e+13
18 33 
1.8329e+13
24 31 45 
1.80175e+13
32 37 41 44 45 48 
1.79722e+13
23 41 45 47 49 
1.77764e+13
24 38 41 48 
1.77121e+13
21 41 42 
1.76275e+13
23 36 44 
1.75763e+13
18 37 49 
1.7488e+13
16 32 
1.6723e+13
17 36 49 
1.60104e+13
30 37 40 42 
1.59443e+13
13 37 
1.52281e+13
17 44 45 
1.5e+13
11 42 
1.4552e+13
23 40 45 46 
1.44136e+13
22 41 46 
1.40698e+13
14 43 
1.39022e+13
23 30 49 
1.3497e+13
30 34 38 46 48 
1.34907e+13
19 40 46 
1.33899e+13
14 38 
1.3e+13
11 39 
1.3e+13
9 44 
1.21714e+13
20 36 47 48 
1.21061e+13
16 41 48 
1.21061e+13
17 32 
1.2e+13
9 
1.2e+13
1 
1.1e+13
15 
1e+13
5 
9e+12
3 
8e+12
7 
7e+12
8 
6e+12
2 
5e+12
10 
4e+12
4 
3e+12
12 
2e+12
6 
1e+12
0 
27.5
25 28 
27.4964
15 35 
27.4125
21 30 
27.348
20 29 
27.163
15 41 47 
27.15
10 41 48 
27.0833
18 43 45 
27.0833
13 43 46 
27
24 28 
27
25 26 
27
25 27 
26.925
12 45 47 
26.75
20 39 42 48 
26.75
21 31 49 
26.75
19 42 43 
26.75
14 36 
26.75
17 34 
26.75
12 38 
26.6518
10 45 46 
26.6053
20 41 45 47 49 
26.6047
22 29 49 
26.5741
22 33 45 
26.5604
9 42 48 
26.5491
7 43 49 
26.5
20 31 48 
26.5
26.5


27
best integer: inf




27
best integer: inf




PODAR

Pricing inviavel
best integer: inf




27
best integer: inf




PODAR

Pricing inviavel
best integer: inf




27
best integer: inf




PODAR

Pricing inviavel
best integer: inf




27.0115
best integer: inf




PODAR

Pricing inviavel
best integer: inf




27.3333
best integer: inf




PODAR

Pricing inviavel
best integer: inf




PODAR

Variavel artificial na soluçao
best integer: inf




27
best integer: inf




27
best integer: inf




PODAR

Pricing inviavel
best integer: inf




27
best integer: inf




PODAR

Pricing inviavel
best integer: inf




27
best integer: inf




PODAR

Pricing inviavel
best integer: inf




27.125
best integer: inf




PODAR

Pricing inviavel
best integer: inf




27.2308
best integer: inf




PODAR

Pricing inviavel
best integer: inf




27.2917
best integer: inf




PODAR

Pricing inviavel
best integer: inf




27.3333
best integer: inf




PODAR

Pricing inviavel
best integer: inf




27.3393
best integer: inf




PODAR

Pricing inviavel
best integer: inf




27.5
best integer: inf




PODAR

Pricing inviavel
best integer: inf




27.5577
best integer: inf




PODAR

Pricing inviavel
best integer: inf




27.6304
best integer: inf




PODAR

Pricing inviavel
best integer: inf




PODAR

Variavel artificial na soluçao
best integer: inf




27
best integer: inf




9 42 
27
27
best integer: inf




PODAR

Variavel artificial na soluçao
best integer: inf




27
best integer: inf




PODAR

Pricing inviavel
best integer: inf




27
best integer: inf




PODAR

Pricing inviavel
best integer: inf




27.0001
best integer: inf




PODAR

Pricing inviavel
best integer: inf




27.1304
best integer: inf




PODAR

Pricing inviavel
best integer: inf




27.2104
best integer: inf




PODAR

Pricing inviavel
best integer: inf




27.25
best integer: inf




PODAR

Pricing inviavel
best integer: inf




27.4286
best integer: inf




PODAR

Pricing inviavel
best integer: inf




PODAR

Variavel artificial na soluçao
best integer: inf




27
best integer: inf




27
best integer: inf




PODAR

Pricing inviavel
best integer: inf




7 43 48 
27
27
best integer: inf




PODAR

Pricing inviavel
best integer: inf




27
best integer: inf




27
best integer: inf




PODAR

Pricing inviavel
best integer: inf




27.0834
best integer: inf




PODAR

Pricing inviavel
best integer: inf




PODAR

Variavel artificial na soluçao
best integer: inf




7 43 
27
27
best integer: inf




27.0835
best integer: inf




PODAR

Pricing inviavel
best integer: inf




7 43 49 
27.1039
7 43 49 
27.1039
7 43 49 
27.1039
7 43 49 
27.1039
7 43 49 
27.1039
7 43 49 
27.1039
7 43 49 
27.1039
7 43 49 
27.1039
7 43 49 
27.1039
7 43 49 
27.1039
7 43 49 
27.1039
7 43 49 
27.1039
7 43 49 
27.1039
7 43 49 
27.1039
7 43 49 
27.1039
7 43 49 
27.1039
7 43 49 
27.1039
7 43 49 
27.1039
7 43 49 
27.1039
7 43 49 
27.1039
7 43 49 
27.1039
7 43 49 
27.1039
7 43 49 
27.1039
7 43 49 
27.1039
7 43 49 
27.1039
7 43 49 
27.1039
7 43 49 
27.1039
7 43 49 
27.1039
7 43 49 
27.1039
7 43 49 
27.1039
7 43 49 
27.1039
7 43 49 
27.1039
7 43 49 
27.1039
7 43 49 
27.1039
7 43 49 
27.1039
7 43 49 
27.1039
7 43 49 
27.1039
7 43 49 
27.1039
7 43 49 
27.1039
7 43 49 
27.1039
7 43 49 
27.1039
7 43 49 
27.1039
7 43 49 
27.1039
7 43 49 
27.1039
7 43 49 
27.1039
7 43 49 
27.1039
7 43 49 
27.1039
7 43 49 
27.1039
7 43 49 
27.1039
7 43 49 
27.1039
7 43 49 
27.1039
7 43 49 
27.1039
7 43 49 
27.1039
7 43 49 
27.1039
7 43 49 
27.1039
7 43 49 
27.1039
7 43 49 
27.1039
7 43 49 
27.1039
7 43 49 
27.1039
7 43 49 
27.1039
7 43 49 
27.1039
7 43 49 
27.1039
7 43 49 
27.1039
7 43 49 
27.1039
7 43 49 
27.1039
7 43 49 
27.1039
7 43 49 
27.1039
7 43 49 
27.1039
7 43 49 
27.1039
7 43 49 
27.1039
7 43 49 
27.1039
7 43 49 
27.1039
7 43 49 
27.1039
7 43 49 
27.1039
7 43 49 
27.1039
7 43 49 
27.1039
7 43 49 
27.1039
7 43 49 
27.1039
7 43 49 
27.1039
7 43 49 
27.1039
7 43 49 
27.1039
7 43 49 
27.1039
7 43 49 
27.1039
7 43 49 
27.1039
7 43 49 
27.1039
7 43 49 
27.1039
7 43 49 
27.1039
7 43 49 
27.1039
7 43 49 
27.1039
7 43 49 
27.1039
7 43 49 
27.1039
7 43 49 
27.1039
7 43 49 
27.1039
7 43 49 
27.1039
7 43 49 
27.1039
7 43 49 
27.1039
7 43 49 
27.1039
7 43 49 
27.1039
7 43 49 
27.1039
7 43 49 
27.1039
7 43 49 
27.1039
7 43 49 
27.1039
7 43 49 
27.1039
7 43 49 
27.1039
7 43 49 
27.1039
7 43 49 
27.1039
7 43 49 
27.1039
7 43 49 
27.1039
7 43 49 
27.1039
7 43 49 
27.1039
7 43 49 
27.1039
7 43 49 
27.1039
7 43 49 
27.1039
7 43 49 
27.1039
7 43 49 
27.1039
7 43 49 
27.1039
7 43 49 
27.1039
7 43 49 
27.1039
7 43 49 
27.1039
7 43 49 
27.1039
7 43 49 
27.1039
7 43 49 
27.1039
7 43 49 
27.1039
7 43 49 
27.1039
7 43 49 
27.1039
7 43 49 
27.1039
7 43 49 
27.1039
7 43 49 
27.1039
7 43 49 
27.1039
7 43 49 
27.1039
7 43 49 
27.1039
7 43 49 
27.1039
7 43 49 
27.1039
7 43 49 
27.1039
7 43 49 
27.1039
7 43 49 
27.1039
7 43 49 
27.1039
7 43 49 
27.1039
7 43 49 
27.1039
7 43 49 
27.1039
7 43 49 
27.1039
7 43 49 
27.1039
7 43 49 
27.1039
7 43 49 
27.1039
7 43 49 
27.1039
7 43 49 
27.1039
7 43 49 
27.1039
7 43 49 
27.1039
7 43 49 
27.1039
7 43 49 
27.1039
7 43 49 
27.1039
7 43 49 
27.1039
7 43 49 
27.1039
7 43 49 
27.1039
7 43 49 
27.1039
7 43 49 
27.1039
7 43 49 
27.1039
7 43 49 
27.1039
7 43 49 
27.1039
7 43 49 
27.1039
7 43 49 
27.1039
7 43 49 
27.1039
7 43 49 
27.1039
7 43 49 
27.1039
7 43 49 
27.1039
7 43 49 
27.1039
7 43 49 
27.1039
7 43 49 
27.1039
7 43 49 
27.1039
7 43 49 
27.1039
7 43 49 
27.1039
7 43 49 
27.1039
7 43 49 
27.1039
7 43 49 
27.1039
7 43 49 
27.1039
7 43 49 
27.1039
7 43 49 
27.1039
7 43 49 
27.1039
7 43 49 
27.1039
7 43 49 
27.1039
7 43 49 
27.1039
7 43 49 
27.1039
7 43 49 
27.1039
7 43 49 
27.1039
7 43 49 
27.1039
7 43 49 
27.1039
7 43 49 
27.1039
7 43 49 
27.1039
7 43 49 
27.1039
7 43 49 
27.1039
7 43 49 
27.1039
7 43 49 
27.1039
7 43 49 
27.1039
7 43 49 
27.1039
7 43 49 
27.1039
7 43 49 
27.1039
7 43 49 
27.1039
7 43 49 
27.1039
7 43 49 
27.1039
7 43 49 
27.1039
7 43 49 
27.1039
7 43 49 
27.1039
7 43 49 
27.1039
7 43 49 
27.1039
7 43 49 
27.1039
7 43 49 
27.1039
7 43 49 
27.1039
7 43 49 
27.1039
7 43 49 
27.1039
7 43 49 
27.1039
7 43 49 
27.1039
7 43 49 
27.1039
7 43 49 
27.1039
7 43 49 
27.1039
7 43 49 
27.1039
7 43 49 
27.1039
7 43 49 
27.1039
7 43 49 
27.1039
7 43 49 
27.1039
7 43 49 
27.1039
7 43 49 
27.1039
7 43 49 
27.1039
7 43 49 
27.1039
7 43 49 
27.1039
7 43 49 
27.1039
7 43 49 
27.1039
7 43 49 
27.1039
7 43 49 
27.1039
7 43 49 
27.1039
7 43 49 
27.1039
7 43 49 
27.1039
7 43 49 
27.1039
7 43 49 
27.1039
7 43 49 
27.1039
7 43 49 
27.1039
7 43 49 
27.1039
7 43 49 
27.1039
7 43 49 
27.1039
7 43 49 
27.1039
7 43 49 
27.1039
7 43 49 
27.1039
7 43 49 
27.1039
7 43 49 
27.1039
7 43 49 
27.1039
7 43 49 
27.1039
7 43 49 
27.1039
7 43 49 
27.1039
7 43 49 
27.1039
7 43 49 
27.1039
7 43 49 
27.1039
7 43 49 
27.1039
7 43 49 
27.1039
7 43 49 
27.1039
7 43 49 
27.1039
7 43 49 
27.1039
7 43 49 
27.1039
7 43 49 
27.1039
7 43 49 
27.1039
7 43 49 
27.1039
7 43 49 
27.1039
7 43 49 
27.1039
7 43 49 
27.1039
7 43 49 
27.1039
7 43 49 
27.1039
7 43 49 
27.1039
7 43 49 
27.1039
7 43 49 
27.1039
7 43 49 
27.1039
7 43 49 
27.1039
7 43 49 
27.1039
7 43 49 
27.1039
7 43 49 
27.1039
7 43 49 
27.1039
7 43 49 
27.1039
7 43 49 
27.1039
7 43 49 
27.1039
7 43 49 
27.1039
7 43 49 
27.1039
7 43 49 
27.1039
7 43 49 
27.1039
7 43 49 
27.1039
7 43 49 
27.1039
7 43 49 
27.1039
7 43 49 
27.1039
7 43 49 
27.1039
7 43 49 
27.1039
7 43 49 
27.1039
7 43 49 
27.1039
7 43 49 
27.1039
7 43 49 
27.1039
7 43 49 
27.1039
7 43 49 
27.1039
7 43 49 
27.1039
7 43 49 
27.1039
7 43 49 
27.1039
7 43 49 
27.1039
7 43 49 
27.1039
7 43 49 
27.1039
7 43 49 
27.1039
7 43 49 
27.1039
7 43 49 
27.1039
7 43 49 
27.1039
7 43 49 
27.1039
7 43 49 
27.1039
7 43 49 
27.1039
7 43 49 
27.1039
7 43 49 
27.1039
7 43 49 
27.1039
7 43 49 
27.1039
7 43 49 
27.1039
7 43 49 
27.1039
7 43 49 
27.1039
7 43 49 
27.1039
7 43 49 
27.1039
7 43 49 
27.1039
7 43 49 
27.1039
7 43 49 
27.1039
7 43 49 
27.1039
7 43 49 
27.1039
7 43 49 
27.1039
7 43 49 
27.1039
7 43 49 
27.1039
7 43 49 
27.1039
7 43 49 
27.1039
7 43 49 
27.1039
7 43 49 
27.1039
7 43 49 
27.1039
7 43 49 
27.1039
7 43 49 
27.1039
7 43 49 
27.1039
7 43 49 
27.1039
7 43 49 
27.1039
7 43 49 
27.1039
7 43 49 
27.1039
7 43 49 
27.1039
7 43 49 
27.1039
7 43 49 
27.1039
7 43 49 
27.1039
7 43 49 
27.1039
7 43 49 
27.1039
7 43 49 
27.1039
7 43 49 
27.1039
7 43 49 
27.1039
7 43 49 
27.1039
7 43 49 
27.1039
7 43 49 
27.1039
7 43 49 
27.1039
7 43 49 
27.1039
7 43 49 
27.1039
7 43 49 
27.1039
7 43 49 
27.1039
7 43 49 
27.1039
7 43 49 
27.1039
7 43 49 
27.1039
7 43 49 
27.1039
7 43 49 
27.1039
7 43 49 
27.1039
7 43 49 
27.1039
7 43 49 
27.1039
7 43 49 
27.1039
7 43 49 
27.1039
7 43 49 
27.1039
7 43 49 
27.1039
7 43 49 
27.1039
7 43 49 
27.1039
7 43 49 
27.1039
7 43 49 
27.1039
7 43 49 
27.1039
7 43 49 
27.1039
7 43 49 
27.1039
7 43 49 
27.1039
7 43 49 
27.1039
7 43 49 
27.1039
7 43 49 
27.1039
7 43 49 
27.1039
7 43 49 
27.1039
7 43 49 
27.1039
7 43 49 
27.1039
7 43 49 
27.1039
7 43 49 
27.1039
7 43 49 
27.1039
7 43 49 
27.1039
7 43 49 
27.1039
7 43 49 
27.1039
7 43 49 
27.1039
7 43 49 
27.1039
7 43 49 
27.1039
7 43 49 
27.1039
7 43 49 
27.1039
7 43 49 
27.1039
7 43 49 
27.1039
7 43 49 
27.1039
7 43 49 
27.1039
7 43 49 
27.1039
7 43 49 
27.1039
7 43 49 
27.1039
7 43 49 
27.1039
7 43 49 
27.1039
7 43 49 
27.1039
7 43 49 
27.1039
7 43 49 
27.1039
7 43 49 
27.1039
7 43 49 
27.1039
7 43 49 
27.1039
7 43 49 
27.1039
7 43 49 
27.1039
7 43 49 
27.1039
7 43 49 
27.1039
7 43 49 
27.1039
7 43 49 
27.1039
7 43 49 
27.1039
7 43 49 
27.1039
7 43 49 
27.1039
7 43 49 
27.1039
7 43 49 
27.1039
7 43 49 
27.1039
7 43 49 
27.1039
7 43 49 
27.1039
7 43 49 
27.1039
7 43 49 
27.1039
7 43 49 
27.1039
7 43 49 
27.1039
7 43 49 
27.1039
7 43 49 
27.1039
7 43 49 
27.1039
7 43 49 
27.1039
7 43 49 
27.1039
7 43 49 
27.1039
7 43 49 
27.1039
7 43 49 
27.1039
7 43 49 
27.1039
7 43 49 
27.1039
7 43 49 
27.1039
7 43 49 
27.1039
7 43 49 
27.1039
7 43 49 
27.1039
7 43 49 
27.1039
7 43 49 
27.1039
7 43 49 
27.1039
7 43 49 
27.1039
7 43 49 
27.1039
7 43 49 
27.1039
7 43 49 
27.1039
7 43 49 
27.1039
7 43 49 
27.1039
7 43 49 
27.1039
7 43 49 
27.1039
7 43 49 
27.1039
7 43 49 
27.1039
7 43 49 
27.1039
7 43 49 
27.1039
7 43 49 
27.1039
7 43 49 
27.1039
7 43 49 
27.1039
7 43 49 
27.1039
7 43 49 
27.1039
7 43 49 
27.1039
7 43 49 
27.1039
7 43 49 
27.1039
7 43 49 
27.1039
7 43 49 
27.1039
7 43 49 
27.1039
7 43 49 
27.1039
7 43 49 
27.1039
7 43 49 
27.1039
7 43 49 
27.1039
7 43 49 
27.1039
7 43 49 
27.1039
7 43 49 
27.1039
7 43 49 
27.1039
7 43 49 
27.1039
7 43 49 
27.1039
7 43 49 
27.1039
7 43 49 
27.1039
7 43 49 
27.1039
7 43 49 
27.1039
7 43 49 
27.1039
7 43 49 
27.1039
7 43 49 
27.1039
7 43 49 
27.1039
7 43 49 
27.1039
7 43 49 
27.1039
7 43 49 
27.1039
7 43 49 
27.1039
7 43 49 
27.1039
7 43 49 
27.1039
7 43 49 
27.1039
7 43 49 
27.1039
7 43 49 
27.1039
7 43 49 
27.1039
7 43 49 
27.1039
7 43 49 
27.1039
7 43 49 
27.1039
7 43 49 
27.1039
7 43 49 
27.1039
7 43 49 
27.1039
7 43 49 
27.1039
7 43 49 
27.1039
7 43 49 
27.1039
7 43 49 
27.1039
7 43 49 
27.1039
7 43 49 
27.1039
7 43 49 
27.1039
7 43 49 
27.1039
7 43 49 
27.1039
7 43 49 
27.1039
7 43 49 
27.1039
7 43 49 
27.1039
7 43 49 
27.1039
7 43 49 
27.1039
7 43 49 
27.1039
7 43 49 
27.1039
7 43 49 
27.1039
7 43 49 
27.1039
7 43 49 
27.1039
7 43 49 
27.1039
7 43 49 
27.1039
7 43 49 
27.1039
7 43 49 
27.1039
7 43 49 
27.1039
7 43 49 
27.1039
7 43 49 
27.1039
7 43 49 
27.1039
7 43 49 
27.1039
7 43 49 
27.1039
7 43 49 
27.1039
7 43 49 
27.1039
7 43 49 
27.1039
7 43 49 
27.1039
7 43 49 
27.1039
7 43 49 
27.1039
7 43 49 
27.1039
7 43 49 
27.1039
7 43 49 
27.1039
7 43 49 
27.1039
7 43 49 
27.1039
7 43 49 
27.1039
7 43 49 
27.1039
7 43 49 
27.1039
7 43 49 
27.1039
7 43 49 
27.1039
7 43 49 
27.1039
7 43 49 
27.1039
7 43 49 
27.1039
7 43 49 
27.1039
7 43 49 
27.1039
7 43 49 
27.1039
7 43 49 
27.1039
7 43 49 
27.1039
7 43 49 
27.1039
7 43 49 
27.1039
7 43 49 
27.1039
7 43 49 
27.1039
7 43 49 
27.1039
7 43 49 
27.1039
7 43 49 
27.1039
7 43 49 
27.1039
7 43 49 
27.1039
7 43 49 
27.1039
7 43 49 
27.1039
7 43 49 
27.1039
7 43 49 
27.1039
7 43 49 
27.1039
7 43 49 
27.1039
7 43 49 
27.1039
7 43 49 
27.1039
7 43 49 
27.1039
7 43 49 
27.1039
7 43 49 
27.1039
7 43 49 
27.1039
7 43 49 
27.1039
7 43 49 
27.1039
7 43 49 
27.1039
7 43 49 
27.1039
7 43 49 
27.1039
7 43 49 
27.1039
7 43 49 
27.1039
7 43 49 
27.1039
7 43 49 
27.1039
7 43 49 
27.1039
7 43 49 
27.1039
7 43 49 
27.1039
7 43 49 
27.1039
7 43 49 
27.1039
7 43 49 
27.1039
7 43 49 
27.1039
7 43 49 
27.1039
7 43 49 
27.1039
7 43 49 
27.1039
7 43 49 
27.1039
7 43 49 
27.1039
7 43 49 
27.1039
7 43 49 
27.1039
7 43 49 
27.1039
7 43 49 
27.1039
7 43 49 
27.1039
7 43 49 
27.1039
7 43 49 
27.1039
7 43 49 
27.1039
7 43 49 
27.1039
7 43 49 
27.1039
7 43 49 
27.1039
7 43 49 
27.1039
7 43 49 
27.1039
7 43 49 
27.1039
7 43 49 
27.1039
7 43 49 
27.1039
7 43 49 
27.1039
7 43 49 
27.1039
7 43 49 
27.1039
7 43 49 
27.1039
7 43 49 
27.1039
7 43 49 
27.1039
7 43 49 
27.1039
7 43 49 
27.1039
7 43 49 
27.1039
7 43 49 
27.1039
7 43 49 
27.1039
7 43 49 
27.1039
7 43 49 
27.1039
7 43 49 
27.1039
7 43 49 
27.1039
7 43 49 
27.1039
7 43 49 
27.1039
7 43 49 
27.1039
7 43 49 
27.1039
7 43 49 
27.1039
7 43 49 
27.1039
7 43 49 
27.1039
7 43 49 
27.1039
7 43 49 
27.1039
7 43 49 
27.1039
7 43 49 
27.1039
7 43 49 
27.1039
7 43 49 
27.1039
7 43 49 
27.1039
7 43 49 
27.1039
7 43 49 
27.1039
7 43 49 
27.1039
7 43 49 
27.1039
7 43 49 
27.1039
7 43 49 
27.1039
7 43 49 
27.1039
7 43 49 
27.1039
7 43 49 
27.1039
7 43 49 
27.1039
7 43 49 
27.1039
7 43 49 
27.1039
7 43 49 
27.1039
7 43 49 
27.1039
7 43 49 
27.1039
7 43 49 
27.1039
7 43 49 
27.1039
7 43 49 
27.1039
7 43 49 
27.1039
7 43 49 
27.1039
7 43 49 
27.1039
7 43 49 
27.1039
7 43 49 
27.1039
7 43 49 
27.1039
7 43 49 
27.1039
7 43 49 
27.1039
7 43 49 
27.1039
7 43 49 
27.1039
7 43 49 
27.1039
7 43 49 
27.1039
7 43 49 
27.1039
7 43 49 
27.1039
7 43 49 
27.1039
7 43 49 
27.1039
7 43 49 
27.1039
7 43 49 
27.1039
7 43 49 
27.1039
7 43 49 
27.1039
7 43 49 
27.1039
7 43 49 
27.1039
7 43 49 
27.1039
7 43 49 
27.1039
7 43 49 
27.1039
7 43 49 
27.1039
7 43 49 
27.1039
7 43 49 
27.1039
7 43 49 
27.1039
7 43 49 
27.1039
7 43 49 
27.1039
7 43 49 
27.1039
7 43 49 
27.1039
7 43 49 
27.1039
7 43 49 
27.1039
7 43 49 
27.1039
7 43 49 
27.1039
7 43 49 
27.1039
7 43 49 
27.1039
7 43 49 
27.1039
7 43 49 
27.1039
7 43 49 
27.1039
7 43 49 
27.1039
7 43 49 
27.1039
7 43 49 
27.1039
7 43 49 
27.1039
7 43 49 
27.1039
7 43 49 
27.1039
7 43 49 
27.1039
7 43 49 
27.1039
7 43 49 
27.1039
7 43 49 
27.1039
7 43 49 
27.1039
7 43 49 
27.1039
7 43 49 
27.1039
7 43 49 
27.1039
7 43 49 
27.1039
7 43 49 
27.1039
7 43 49 
27.1039
7 43 49 
27.1039
7 43 49 
27.1039
7 43 49 
27.1039
7 43 49 
27.1039
7 43 49 
27.1039
7 43 49 
27.1039
7 43 49 
27.1039
7 43 49 
27.1039
7 43 49 
27.1039
7 43 49 
27.1039
7 43 49 
27.1039
7 43 49 
27.1039
7 43 49 
27.1039
7 43 49 
27.1039
7 43 49 
27.1039
7 43 49 
27.1039
7 43 49 
27.1039
7 43 49 
27.1039
7 43 49 
27.1039
7 43 49 
27.1039
7 43 49 
27.1039
7 43 49 
27.1039
7 43 49 
27.1039
7 43 49 
27.1039
7 43 49 
27.1039
7 43 49 
27.1039
7 43 49 
27.1039
7 43 49 
27.1039
7 43 49 
27.1039
7 43 49 
27.1039
7 43 49 
27.1039
7 43 49 
27.1039
7 43 49 
27.1039
7 43 49 
27.1039
7 43 49 
27.1039
7 43 49 
27.1039
7 43 49 
27.1039
7 43 49 
27.1039
7 43 49 
27.1039
7 43 49 
27.1039
7 43 49 
27.1039
7 43 49 
27.1039
7 43 49 
27.1039
7 43 49 
27.1039
7 43 49 
27.1039
7 43 49 
27.1039
7 43 49 
27.1039
7 43 49 
27.1039
7 43 49 
27.1039
7 43 49 
27.1039
7 43 49 
27.1039
7 43 49 
27.1039
7 43 49 
27.1039
7 43 49 
27.1039
7 43 49 
27.1039
7 43 49 
27.1039
7 43 49 
27.1039
7 43 49 
27.1039
7 43 49 
27.1039
7 43 49 
27.1039
7 43 49 
27.1039
7 43 49 
27.1039
7 43 49 
27.1039
7 43 49 
27.1039
7 43 49 
27.1039
7 43 49 
27.1039
7 43 49 
27.1039
7 43 49 
27.1039
7 43 49 
27.1039
7 43 49 
27.1039
7 43 49 
27.1039
7 43 49 
27.1039
7 43 49 
27.1039
7 43 49 
27.1039
7 43 49 
27.1039
7 43 49 
27.1039
7 43 49 
27.1039
7 43 49 
27.1039
7 43 49 
27.1039
7 43 49 
27.1039
7 43 49 
27.1039
7 43 49 
27.1039
7 43 49 
27.1039
7 43 49 
27.1039
7 43 49 
27.1039
7 43 49 
27.1039
7 43 49 
27.1039
7 43 49 
27.1039
7 43 49 
27.1039
7 43 49 
27.1039
7 43 49 
27.1039
7 43 49 
27.1039
7 43 49 
27.1039
7 43 49 
27.1039
7 43 49 
27.1039
7 43 49 
27.1039
7 43 49 
27.1039
7 43 49 
27.1039
7 43 49 
27.1039
7 43 49 
27.1039
7 43 49 
27.1039
7 43 49 
27.1039
7 43 49 
27.1039
7 43 49 
27.1039
7 43 49 
27.1039
7 43 49 
27.1039
7 43 49 
27.1039
7 43 49 
27.1039
7 43 49 
27.1039
7 43 49 
27.1039
7 43 49 
27.1039
7 43 49 
27.1039
7 43 49 
27.1039
7 43 49 
27.1039
7 43 49 
27.1039
7 43 49 
27.1039
7 43 49 
27.1039
7 43 49 
27.1039
7 43 49 
27.1039
7 43 49 
27.1039
7 43 49 
27.1039
7 43 49 
27.1039
7 43 49 
27.1039
7 43 49 
27.1039
7 43 49 
27.1039
7 43 49 
27.1039
7 43 49 
27.1039
7 43 49 
27.1039
7 43 49 
27.1039
7 43 49 
27.1039
7 43 49 
27.1039
7 43 49 
27.1039
7 43 49 
27.1039
7 43 49 
27.1039
7 43 49 
27.1039
7 43 49 
27.1039
7 43 49 
27.1039
7 43 49 
27.1039
7 43 49 
27.1039
7 43 49 
27.1039
7 43 49 
27.1039
7 43 49 
27.1039
7 43 49 
27.1039
7 43 49 
27.1039
7 43 49 
27.1039
7 43 49 
27.1039
7 43 49 
27.1039
7 43 49 
27.1039
7 43 49 
27.1039
7 43 49 
27.1039
7 43 49 
27.1039
7 43 49 
27.1039
7 43 49 
27.1039
7 43 49 
27.1039
7 43 49 
27.1039
7 43 49 
27.1039
7 43 49 
27.1039
7 43 49 
27.1039
7 43 49 
27.1039
7 43 49 
27.1039
7 43 49 
27.1039
7 43 49 
27.1039
7 43 49 
27.1039
7 43 49 
27.1039
7 43 49 
27.1039
7 43 49 
27.1039
7 43 49 
27.1039
7 43 49 
27.1039
7 43 49 
27.1039
7 43 49 
27.1039
7 43 49 
27.1039
7 43 49 
27.1039
7 43 49 
27.1039
7 43 49 
27.1039
7 43 49 
27.1039
7 43 49 
27.1039
7 43 49 
27.1039
7 43 49 
27.1039
7 43 49 
27.1039
7 43 49 
27.1039
7 43 49 
27.1039
7 43 49 
27.1039
7 43 49 
27.1039
7 43 49 
27.1039
7 43 49 
27.1039
7 43 49 
27.1039
7 43 49 
27.1039
7 43 49 
27.1039
7 43 49 
27.1039
7 43 49 
27.1039
7 43 49 
27.1039
7 43 49 
27.1039
7 43 49 
27.1039
7 43 49 
27.1039
7 43 49 
27.1039
7 43 49 
27.1039
7 43 49 
27.1039
7 43 49 
27.1039
7 43 49 
27.1039
7 43 49 
27.1039
7 43 49 
27.1039
7 43 49 
27.1039
7 43 49 
27.1039
7 43 49 
27.1039
7 43 49 
27.1039
7 43 49 
27.1039
7 43 49 
27.1039
7 43 49 
27.1039
7 43 49 
27.1039
7 43 49 
27.1039
7 43 49 
27.1039
7 43 49 
27.1039
7 43 49 
27.1039
7 43 49 
27.1039
7 43 49 
27.1039
7 43 49 
27.1039
7 43 49 
27.1039
7 43 49 
27.1039
7 43 49 
27.1039
7 43 49 
27.1039
7 43 49 
27.1039
7 43 49 
27.1039
7 43 49 
27.1039
7 43 49 
27.1039
7 43 49 
27.1039
7 43 49 
27.1039
7 43 49 
27.1039
7 43 49 
27.1039
7 43 49 
27.1039
7 43 49 
27.1039
7 43 49 
27.1039
7 43 49 
27.1039
7 43 49 
27.1039
7 43 49 
27.1039
7 43 49 
27.1039
7 43 49 
27.1039
7 43 49 
27.1039
7 43 49 
27.1039
7 43 49 
27.1039
7 43 49 
27.1039
7 43 49 
27.1039
7 43 49 
27.1039
7 43 49 
27.1039
7 43 49 
27.1039
7 43 49 
27.1039
7 43 49 
27.1039
7 43 49 
27.1039
7 43 49 
27.1039
7 43 49 
27.1039
7 43 49 
27.1039
7 43 49 
27.1039
7 43 49 
27.1039
7 43 49 
27.1039
7 43 49 
27.1039
7 43 49 
27.1039
7 43 49 
27.1039
7 43 49 
27.1039
7 43 49 
27.1039
7 43 49 
27.1039
7 43 49 
27.1039
7 43 49 
27.1039
7 43 49 
27.1039
7 43 49 
27.1039
7 43 49 
27.1039
7 43 49 
27.1039
7 43 49 
27.1039
7 43 49 
27.1039
7 43 49 
27.1039
7 43 49 
27.1039
7 43 49 
27.1039
7 43 49 
27.1039
7 43 49 
27.1039
7 43 49 
27.1039
7 43 49 
27.1039
7 43 49 
27.1039
7 43 49 
27.1039
7 43 49 
27.1039
7 43 49 
27.1039
7 43 49 
27.1039
7 43 49 
27.1039
7 43 49 
27.1039
7 43 49 
27.1039
7 43 49 
27.1039
7 43 49 
27.1039
7 43 49 
27.1039
7 43 49 
27.1039
7 43 49 
27.1039
7 43 49 
27.1039
7 43 49 
27.1039
7 43 49 
27.1039
7 43 49 
27.1039
7 43 49 
27.1039
7 43 49 
27.1039
7 43 49 
27.1039
7 43 49 
27.1039
7 43 49 
27.1039
7 43 49 
27.1039
7 43 49 
27.1039
7 43 49 
27.1039
7 43 49 
27.1039
7 43 49 
27.1039
7 43 49 
27.1039
7 43 49 
27.1039
7 43 49 
27.1039
7 43 49 
27.1039
7 43 49 
27.1039
7 43 49 
27.1039
7 43 49 
27.1039
7 43 49 
27.1039
7 43 49 
27.1039
7 43 49 
27.1039
7 43 49 
27.1039
7 43 49 
27.1039
7 43 49 
27.1039
7 43 49 
27.1039
7 43 49 
27.1039
7 43 49 
27.1039
7 43 49 
27.1039
7 43 49 
27.1039
7 43 49 
27.1039
7 43 49 
27.1039
7 43 49 
27.1039
7 43 49 
27.1039
7 43 49 
27.1039
7 43 49 
27.1039
7 43 49 
27.1039
7 43 49 
27.1039
7 43 49 
27.1039
7 43 49 
27.1039
7 43 49 
27.1039
7 43 49 
27.1039
7 43 49 
27.1039
7 43 49 
27.1039
7 43 49 
27.1039
7 43 49 
27.1039
7 43 49 
27.1039
7 43 49 
27.1039
7 43 49 
27.1039
7 43 49 
27.1039
7 43 49 
27.1039
7 43 49 
27.1039
7 43 49 
27.1039
7 43 49 
27.1039
7 43 49 
27.1039
7 43 49 
27.1039
7 43 49 
27.1039
7 43 49 
27.1039
7 43 49 
27.1039
7 43 49 
27.1039
7 43 49 
27.1039
7 43 49 
27.1039
7 43 49 
27.1039
7 43 49 
27.1039
7 43 49 
27.1039
7 43 49 
27.1039
7 43 49 
27.1039
7 43 49 
27.1039
7 43 49 
27.1039
7 43 49 
27.1039
7 43 49 
27.1039
7 43 49 
27.1039
7 43 49 
27.1039
7 43 49 
27.1039
7 43 49 
27.1039
7 43 49 
27.1039
7 43 49 
27.1039
7 43 49 
27.1039
7 43 49 
27.1039
7 43 49 
27.1039
7 43 49 
27.1039
7 43 49 
27.1039
7 43 49 
27.1039
7 43 49 
27.1039
7 43 49 
27.1039
7 43 49 
27.1039
7 43 49 
27.1039
7 43 49 
27.1039
7 43 49 
27.1039
7 43 49 
27.1039
7 43 49 
27.1039
7 43 49 
27.1039
7 43 49 
27.1039
7 43 49 
27.1039
7 43 49 
27.1039
7 43 49 
27.1039
7 43 49 
27.1039
7 43 49 
27.1039
7 43 49 
27.1039
7 43 49 
27.1039
7 43 49 
27.1039
7 43 49 
27.1039
7 43 49 
27.1039
7 43 49 
27.1039
7 43 49 
27.1039
7 43 49 
27.1039
7 43 49 
27.1039
7 43 49 
27.1039
7 43 49 
27.1039
7 43 49 
27.1039
7 43 49 
27.1039
7 43 49 
27.1039
7 43 49 
27.1039
7 43 49 
27.1039
7 43 49 
27.1039
7 43 49 
27.1039
7 43 49 
27.1039
7 43 49 
27.1039
7 43 49 
27.1039
7 43 49 
27.1039
7 43 49 
27.1039
7 43 49 
27.1039
7 43 49 
27.1039
7 43 49 
27.1039
7 43 49 
27.1039
7 43 49 
27.1039
7 43 49 
27.1039
7 43 49 
27.1039
7 43 49 
27.1039
7 43 49 
27.1039
7 43 49 
27.1039
7 43 49 
27.1039
7 43 49 
27.1039
7 43 49 
27.1039
7 43 49 
27.1039
7 43 49 
27.1039
7 43 49 
27.1039
7 43 49 
27.1039
7 43 49 
27.1039
7 43 49 
27.1039
7 43 49 
27.1039
7 43 49 
27.1039
7 43 49 
27.1039
7 43 49 
27.1039
7 43 49 
27.1039
7 43 49 
27.1039
7 43 49 
27.1039
7 43 49 
27.1039
7 43 49 
27.1039
7 43 49 
27.1039
7 43 49 
27.1039
7 43 49 
27.1039
7 43 49 
27.1039
7 43 49 
27.1039
7 43 49 
27.1039
7 43 49 
27.1039
7 43 49 
27.1039
7 43 49 
27.1039
7 43 49 
27.1039
7 43 49 
27.1039
7 43 49 
27.1039
7 43 49 
27.1039
7 43 49 
27.1039
7 43 49 
27.1039
7 43 49 
27.1039
7 43 49 
27.1039
7 43 49 
27.1039
7 43 49 
27.1039
7 43 49 
27.1039
7 43 49 
27.1039
7 43 49 
27.1039
7 43 49 
27.1039
7 43 49 
27.1039
7 43 49 
27.1039
7 43 49 
27.1039
7 43 49 
27.1039
7 43 49 
27.1039
7 43 49 
27.1039
7 43 49 
27.1039
7 43 49 
27.1039
7 43 49 
27.1039
7 43 49 
27.1039
7 43 49 
27.1039
7 43 49 
27.1039
7 43 49 
27.1039
7 43 49 
27.1039
7 43 49 
27.1039
7 43 49 
27.1039
7 43 49 
27.1039
7 43 49 
27.1039
7 43 49 
27.1039
7 43 49 
27.1039
7 43 49 
27.1039
7 43 49 
27.1039
7 43 49 
27.1039
7 43 49 
27.1039
7 43 49 
27.1039
7 43 49 
27.1039
7 43 49 
27.1039
7 43 49 
27.1039
7 43 49 
27.1039
7 43 49 
27.1039
7 43 49 
27.1039
7 43 49 
27.1039
7 43 49 
27.1039
7 43 49 
27.1039
7 43 49 
27.1039
7 43 49 
27.1039
7 43 49 
27.1039
7 43 49 
27.1039
7 43 49 
27.1039
7 43 49 
27.1039
7 43 49 
27.1039
7 43 49 
27.1039
7 43 49 
27.1039
7 43 49 
27.1039
7 43 49 
27.1039
7 43 49 
27.1039
7 43 49 
27.1039
7 43 49 
27.1039
7 43 49 
27.1039
7 43 49 
27.1039
7 43 49 
27.1039
7 43 49 
27.1039
7 43 49 
27.1039
7 43 49 
27.1039
7 43 49 
27.1039
7 43 49 
27.1039
7 43 49 
27.1039
7 43 49 
27.1039
7 43 49 
27.1039
7 43 49 
27.1039
7 43 49 
27.1039
7 43 49 
27.1039
7 43 49 
27.1039
7 43 49 
27.1039
7 43 49 
27.1039
7 43 49 
27.1039
7 43 49 
27.1039
7 43 49 
27.1039
7 43 49 
27.1039
7 43 49 
27.1039
7 43 49 
27.1039
7 43 49 
27.1039
7 43 49 
27.1039
7 43 49 
27.1039
7 43 49 
27.1039
7 43 49 
27.1039
7 43 49 
27.1039
7 43 49 
27.1039
7 43 49 
27.1039
7 43 49 
27.1039
7 43 49 
27.1039
7 43 49 
27.1039
7 43 49 
27.1039
7 43 49 
27.1039
7 43 49 
27.1039
7 43 49 
27.1039
7 43 49 
27.1039
7 43 49 
27.1039
7 43 49 
27.1039
7 43 49 
27.1039
7 43 49 
27.1039
7 43 49 
27.1039
7 43 49 
27.1039
7 43 49 
27.1039
7 43 49 
27.1039
7 43 49 
27.1039
7 43 49 
27.1039
7 43 49 
27.1039
7 43 49 
27.1039
7 43 49 
27.1039
7 43 49 
27.1039
7 43 49 
27.1039
7 43 49 
27.1039
7 43 49 
27.1039
7 43 49 
27.1039
7 43 49 
27.1039
7 43 49 
27.1039
7 43 49 
27.1039
7 43 49 
27.1039
7 43 49 
27.1039
7 43 49 
27.1039
7 43 49 
27.1039
7 43 49 
27.1039
7 43 49 
27.1039
7 43 49 
27.1039
7 43 49 
27.1039
7 43 49 
27.1039
7 43 49 
27.1039
7 43 49 
27.1039
7 43 49 
27.1039
7 43 49 
27.1039
7 43 49 
27.1039
7 43 49 
27.1039
7 43 49 
27.1039
7 43 49 
27.1039
7 43 49 
27.1039
7 43 49 
27.1039
7 43 49 
27.1039
7 43 49 
27.1039
7 43 49 
27.1039
7 43 49 
27.1039
7 43 49 
27.1039
7 43 49 
27.1039
7 43 49 
27.1039
7 43 49 
27.1039
7 43 49 
27.1039
7 43 49 
27.1039
7 43 49 
27.1039
7 43 49 
27.1039
7 43 49 
27.1039
7 43 49 
27.1039
7 43 49 
27.1039
7 43 49 
27.1039
7 43 49 
27.1039
7 43 49 
27.1039
7 43 49 
27.1039
7 43 49 
27.1039
7 43 49 
27.1039
7 43 49 
27.1039
7 43 49 
27.1039
7 43 49 
27.1039
7 43 49 
27.1039
7 43 49 
27.1039
7 43 49 
27.1039
7 43 49 
27.1039
7 43 49 
27.1039
7 43 49 
27.1039
7 43 49 
27.1039
7 43 49 
27.1039
7 43 49 
27.1039
7 43 49 
27.1039
7 43 49 
27.1039
7 43 49 
27.1039
7 43 49 
27.1039
7 43 49 
27.1039
7 43 49 
27.1039
7 43 49 
27.1039
7 43 49 
27.1039
7 43 49 
27.1039
7 43 49 
27.1039
7 43 49 
27.1039
7 43 49 
27.1039
7 43 49 
27.1039
7 43 49 
27.1039
7 43 49 
27.1039
7 43 49 
27.1039
7 43 49 
27.1039
7 43 49 
27.1039
7 43 49 
27.1039
7 43 49 
27.1039
7 43 49 
27.1039
7 43 49 
27.1039
7 43 49 
27.1039
7 43 49 
27.1039
7 43 49 
27.1039
7 43 49 
27.1039
7 43 49 
27.1039
7 43 49 
27.1039
7 43 49 
27.1039
7 43 49 
27.1039
7 43 49 
27.1039
7 43 49 
27.1039
7 43 49 
27.1039
7 43 49 
27.1039
7 43 49 
27.1039
7 43 49 
27.1039
7 43 49 
27.1039
7 43 49 
27.1039
7 43 49 
27.1039
7 43 49 
27.1039
7 43 49 
27.1039
7 43 49 
27.1039
7 43 49 
27.1039
7 43 49 
27.1039
7 43 49 
27.1039
7 43 49 
27.1039
7 43 49 
27.1039
7 43 49 
27.1039
7 43 49 
27.1039
7 43 49 
27.1039
7 43 49 
27.1039
7 43 49 
27.1039
7 43 49 
27.1039
7 43 49 
27.1039
7 43 49 
27.1039
7 43 49 
27.1039
7 43 49 
27.1039
7 43 49 
27.1039
7 43 49 
27.1039
7 43 49 
27.1039
7 43 49 
27.1039
7 43 49 
27.1039
7 43 49 
27.1039
7 43 49 
27.1039
7 43 49 
27.1039
7 43 49 
27.1039
7 43 49 
27.1039
7 43 49 
27.1039
7 43 49 
27.1039
7 43 49 
27.1039
7 43 49 
27.1039
7 43 49 
27.1039
7 43 49 
27.1039
7 43 49 
27.1039
7 43 49 
27.1039
7 43 49 
27.1039
7 43 49 
27.1039
7 43 49 
27.1039
7 43 49 
27.1039
7 43 49 
27.1039
7 43 49 
27.1039
7 43 49 
27.1039
7 43 49 
27.1039
7 43 49 
27.1039
7 43 49 
27.1039
7 43 49 
27.1039
7 43 49 
27.1039
7 43 49 
27.1039
7 43 49 
27.1039
7 43 49 
27.1039
7 43 49 
27.1039
7 43 49 
27.1039
7 43 49 
27.1039
7 43 49 
27.1039
7 43 49 
27.1039
7 43 49 
27.1039
7 43 49 
27.1039
7 43 49 
27.1039
7 43 49 
27.1039
7 43 49 
27.1039
7 43 49 
27.1039
7 43 49 
27.1039
7 43 49 
27.1039
7 43 49 
27.1039
7 43 49 
27.1039
7 43 49 
27.1039
7 43 49 
27.1039
7 43 49 
27.1039
7 43 49 
27.1039
7 43 49 
27.1039
7 43 49 
27.1039
7 43 49 
27.1039
7 43 49 
27.1039
7 43 49 
27.1039
7 43 49 
27.1039
7 43 49 
27.1039
7 43 49 
27.1039
7 43 49 
27.1039
7 43 49 
27.1039
7 43 49 
27.1039
7 43 49 
27.1039
7 43 49 
27.1039
7 43 49 
27.1039
7 43 49 
27.1039
7 43 49 
27.1039
7 43 49 
27.1039
7 43 49 
27.1039
7 43 49 
27.1039
7 43 49 
27.1039
7 43 49 
27.1039
7 43 49 
27.1039
7 43 49 
27.1039
7 43 49 
27.1039
7 43 49 
27.1039
7 43 49 
27.1039
7 43 49 
27.1039
7 43 49 
27.1039
7 43 49 
27.1039
7 43 49 
27.1039
7 43 49 
27.1039
7 43 49 
27.1039
7 43 49 
27.1039
7 43 49 
27.1039
7 43 49 
27.1039
7 43 49 
27.1039
7 43 49 
27.1039
7 43 49 
27.1039
7 43 49 
27.1039
7 43 49 
27.1039
7 43 49 
27.1039
7 43 49 
27.1039
7 43 49 
27.1039
7 43 49 
27.1039
7 43 49 
27.1039
7 43 49 
27.1039
7 43 49 
27.1039
7 43 49 
27.1039
7 43 49 
27.1039
7 43 49 
27.1039
7 43 49 
27.1039
7 43 49 
27.1039
7 43 49 
27.1039
7 43 49 
27.1039
7 43 49 
27.1039
7 43 49 
27.1039
7 43 49 
27.1039
7 43 49 
27.1039
7 43 49 
27.1039
7 43 49 
27.1039
7 43 49 
27.1039
7 43 49 
27.1039
7 43 49 
27.1039
7 43 49 
27.1039
7 43 49 
27.1039
7 43 49 
27.1039
7 43 49 
27.1039
7 43 49 
27.1039
7 43 49 
27.1039
7 43 49 
27.1039
7 43 49 
27.1039
7 43 49 
27.1039
7 43 49 
27.1039
7 43 49 
27.1039
7 43 49 
27.1039
7 43 49 
27.1039
7 43 49 
27.1039
7 43 49 
27.1039
7 43 49 
27.1039
7 43 49 
27.1039
7 43 49 
27.1039
7 43 49 
27.1039
7 43 49 
27.1039
7 43 49 
27.1039
7 43 49 
27.1039
7 43 49 
27.1039
7 43 49 
27.1039
7 43 49 
27.1039
7 43 49 
27.1039
7 43 49 
27.1039
7 43 49 
27.1039
7 43 49 
27.1039
7 43 49 
27.1039
7 43 49 
27.1039
7 43 49 
27.1039
7 43 49 
27.1039
7 43 49 
27.1039
7 43 49 
27.1039
7 43 49 
27.1039
7 43 49 
27.1039
7 43 49 
27.1039
7 43 49 
27.1039
7 43 49 
27.1039
7 43 49 
27.1039
7 43 49 
27.1039
7 43 49 
27.1039
7 43 49 
27.1039
7 43 49 
27.1039
7 43 49 
27.1039
7 43 49 
27.1039
7 43 49 
27.1039
7 43 49 
27.1039
7 43 49 
27.1039
7 43 49 
27.1039
7 43 49 
27.1039
7 43 49 
27.1039
7 43 49 
27.1039
7 43 49 
27.1039
7 43 49 
27.1039
7 43 49 
27.1039
7 43 49 
27.1039
7 43 49 
27.1039
7 43 49 
27.1039
7 43 49 
27.1039
7 43 49 
27.1039
7 43 49 
27.1039
7 43 49 
27.1039
7 43 49 
27.1039
7 43 49 
27.1039
7 43 49 
27.1039
7 43 49 
27.1039
7 43 49 
27.1039
7 43 49 
27.1039
7 43 49 
27.1039
7 43 49 
27.1039
7 43 49 
27.1039
7 43 49 
27.1039
7 43 49 
27.1039
7 43 49 
27.1039
7 43 49 
27.1039
7 43 49 
27.1039
7 43 49 
27.1039
7 43 49 
27.1039
7 43 49 
27.1039
7 43 49 
27.1039
7 43 49 
27.1039
7 43 49 
27.1039
7 43 49 
27.1039
7 43 49 
27.1039
7 43 49 
27.1039
7 43 49 
27.1039
7 43 49 
27.1039
7 43 49 
27.1039
7 43 49 
27.1039
7 43 49 
27.1039
7 43 49 
27.1039
7 43 49 
27.1039
7 43 49 
27.1039
7 43 49 
27.1039
7 43 49 
27.1039
7 43 49 
27.1039
7 43 49 
27.1039
7 43 49 
27.1039
7 43 49 
27.1039
7 43 49 
27.1039
7 43 49 
27.1039
7 43 49 
27.1039
7 43 49 
27.1039
7 43 49 
27.1039
7 43 49 
27.1039
7 43 49 
27.1039
7 43 49 
27.1039
7 43 49 
27.1039
7 43 49 
27.1039
7 43 49 
27.1039
7 43 49 
27.1039
7 43 49 
27.1039
7 43 49 
27.1039
7 43 49 
27.1039
7 43 49 
27.1039
7 43 49 
27.1039
7 43 49 
27.1039
7 43 49 
27.1039
7 43 49 
27.1039
7 43 49 
27.1039
7 43 49 
27.1039
7 43 49 
27.1039
7 43 49 
27.1039
7 43 49 
27.1039
7 43 49 
27.1039
7 43 49 
27.1039
7 43 49 
27.1039
7 43 49 
27.1039
7 43 49 
27.1039
7 43 49 
27.1039
7 43 49 
27.1039
7 43 49 
27.1039
7 43 49 
27.1039
7 43 49 
27.1039
7 43 49 
27.1039
7 43 49 
27.1039
7 43 49 
27.1039
7 43 49 
27.1039
7 43 49 
27.1039
7 43 49 
27.1039
7 43 49 
27.1039
7 43 49 
27.1039
7 43 49 
27.1039
7 43 49 
27.1039
7 43 49 
27.1039
7 43 49 
27.1039
7 43 49 
27.1039
7 43 49 
27.1039
7 43 49 
27.1039
7 43 49 
27.1039
7 43 49 
27.1039
7 43 49 
27.1039
7 43 49 
27.1039
7 43 49 
27.1039
7 43 49 
27.1039
7 43 49 
27.1039
7 43 49 
27.1039
7 43 49 
27.1039
7 43 49 
27.1039
7 43 49 
27.1039
7 43 49 
27.1039
7 43 49 
27.1039
7 43 49 
27.1039
7 43 49 
27.1039
7 43 49 
27.1039
7 43 49 
27.1039
7 43 49 
27.1039
7 43 49 
27.1039
7 43 49 
27.1039
7 43 49 
27.1039
7 43 49 
27.1039
7 43 49 
27.1039
7 43 49 
27.1039
7 43 49 
27.1039
7 43 49 
27.1039
7 43 49 
27.1039
7 43 49 
27.1039
7 43 49 
27.1039
7 43 49 
27.1039
7 43 49 
27.1039
7 43 49 
27.1039
7 43 49 
27.1039
7 43 49 
27.1039
7 43 49 
27.1039
7 43 49 
27.1039
7 43 49 
27.1039
7 43 49 
27.1039
7 43 49 
27.1039
7 43 49 
27.1039
7 43 49 
27.1039
7 43 49 
27.1039
7 43 49 
27.1039
7 43 49 
27.1039
7 43 49 
27.1039
7 43 49 
27.1039
7 43 49 
27.1039
7 43 49 
27.1039
7 43 49 
27.1039
7 43 49 
27.1039
7 43 49 
27.1039
7 43 49 
27.1039
7 43 49 
27.1039
7 43 49 
27.1039
7 43 49 
27.1039
7 43 49 
27.1039
7 43 49 
27.1039
7 43 49 
27.1039
7 43 49 
27.1039
7 43 49 
27.1039
7 43 49 
27.1039
7 43 49 
27.1039
7 43 49 
27.1039
7 43 49 
27.1039
7 43 49 
27.1039
7 43 49 
27.1039
7 43 49 
27.1039
7 43 49 
27.1039
7 43 49 
27.1039
7 43 49 
27.1039
7 43 49 
27.1039
7 43 49 
27.1039
7 43 49 
27.1039
7 43 49 
27.1039
7 43 49 
27.1039
7 43 49 
27.1039
7 43 49 
27.1039
7 43 49 
27.1039
7 43 49 
27.1039
7 43 49 
27.1039
7 43 49 
27.1039
7 43 49 
27.1039
7 43 49 
27.1039
7 43 49 
27.1039
7 43 49 
27.1039
7 43 49 
27.1039
7 43 49 
27.1039
7 43 49 
27.1039
7 43 49 
27.1039
7 43 49 
27.1039
7 43 49 
27.1039
7 43 49 
27.1039
7 43 49 
27.1039
7 43 49 
27.1039
7 43 49 
27.1039
7 43 49 
27.1039
7 43 49 
27.1039
7 43 49 
27.1039
7 43 49 
27.1039
7 43 49 
27.1039
7 43 49 
27.1039
7 43 49 
27.1039
7 43 49 
27.1039
7 43 49 
27.1039
7 43 49 
27.1039
7 43 49 
27.1039
7 43 49 
27.1039
7 43 49 
27.1039
7 43 49 
27.1039
7 43 49 
27.1039
7 43 49 
27.1039
7 43 49 
27.1039
7 43 49 
27.1039
7 43 49 
27.1039
7 43 49 
27.1039
7 43 49 
27.1039
7 43 49 
27.1039
7 43 49 
27.1039
7 43 49 
27.1039
7 43 49 
27.1039
7 43 49 
27.1039
7 43 49 
27.1039
7 43 49 
27.1039
7 43 49 
27.1039
7 43 49 
27.1039
7 43 49 
27.1039
7 43 49 
27.1039
7 43 49 
27.1039
7 43 49 
27.1039
7 43 49 
27.1039
7 43 49 
27.1039
7 43 49 
27.1039
7 43 49 
27.1039
7 43 49 
27.1039
7 43 49 
27.1039
7 43 49 
27.1039
7 43 49 
27.1039
7 43 49 
27.1039
7 43 49 
27.1039
7 43 49 
27.1039
7 43 49 
27.1039
7 43 49 
27.1039
7 43 49 
27.1039
7 43 49 
27.1039
7 43 49 
27.1039
7 43 49 
27.1039
7 43 49 
27.1039
7 43 49 
27.1039
7 43 49 
27.1039
7 43 49 
27.1039
7 43 49 
27.1039
7 43 49 
27.1039
7 43 49 
27.1039
7 43 49 
27.1039
7 43 49 
27.1039
7 43 49 
27.1039
7 43 49 
27.1039
7 43 49 
27.1039
7 43 49 
27.1039
7 43 49 
27.1039
7 43 49 
27.1039
7 43 49 
27.1039
7 43 49 
27.1039
7 43 49 
27.1039
7 43 49 
27.1039
7 43 49 
27.1039
7 43 49 
27.1039
7 43 49 
27.1039
7 43 49 
27.1039
7 43 49 
27.1039
7 43 49 
27.1039
7 43 49 
27.1039
7 43 49 
27.1039
7 43 49 
27.1039
7 43 49 
27.1039
7 43 49 
27.1039
7 43 49 
27.1039
7 43 49 
27.1039
7 43 49 
27.1039
7 43 49 
27.1039
7 43 49 
27.1039
7 43 49 
27.1039
7 43 49 
27.1039
7 43 49 
27.1039
7 43 49 
27.1039
7 43 49 
27.1039
7 43 49 
27.1039
7 43 49 
27.1039
7 43 49 
27.1039
7 43 49 
27.1039
7 43 49 
27.1039
7 43 49 
27.1039
7 43 49 
27.1039
7 43 49 
27.1039
7 43 49 
27.1039
7 43 49 
27.1039
7 43 49 
27.1039
7 43 49 
27.1039
7 43 49 
27.1039
7 43 49 
27.1039
7 43 49 
27.1039
7 43 49 
27.1039
7 43 49 
27.1039
7 43 49 
27.1039
7 43 49 
27.1039
7 43 49 
27.1039
7 43 49 
27.1039
7 43 49 
27.1039
7 43 49 
27.1039
7 43 49 
27.1039
7 43 49 
27.1039
7 43 49 
27.1039
7 43 49 
27.1039
7 43 49 
27.1039
7 43 49 
27.1039
7 43 49 
27.1039
7 43 49 
27.1039
7 43 49 
27.1039
7 43 49 
27.1039
7 43 49 
27.1039
7 43 49 
27.1039
7 43 49 
27.1039
7 43 49 
27.1039
7 43 49 
27.1039
7 43 49 
27.1039
7 43 49 
27.1039
7 43 49 
27.1039
7 43 49 
27.1039
7 43 49 
27.1039
7 43 49 
27.1039
7 43 49 
27.1039
7 43 49 
27.1039
7 43 49 
27.1039
7 43 49 
27.1039
7 43 49 
27.1039
7 43 49 
27.1039
7 43 49 
27.1039
7 43 49 
27.1039
7 43 49 
27.1039
7 43 49 
27.1039
7 43 49 
27.1039
7 43 49 
27.1039
7 43 49 
27.1039
7 43 49 
27.1039
7 43 49 
27.1039
7 43 49 
27.1039
